##ProgramName=RareMetalWorker
##Version=4.13.6
#CHROM	CURRENT_POS	MARKERS_IN_WINDOW	COV_MATRICES
9	400093835	400093835,400306915,400958485,400959725,400978905,	0.362611,-0.0869214,0.00565647,-0.0065795,-0.000774368,
9	400306915	400306915,400958485,400959725,400978905,	0.30402,0.000261691,0.0267547,-0.00185246,
9	400958485	400958485,400959725,400978905,401693155,	0.0132438,-0.000467423,-0.000123285,0.00111883,
9	400959725	400959725,400978905,401693155,	0.0297246,-1.03359e-05,0.010547,
9	400978905	400978905,401693155,401965985,401966145,	0.00453011,0.00118791,-0.000884588,-7.56459e-05,
9	401693155	401693155,401965985,401966145,401979115,401999015,402256335,	0.374447,0.0554522,-0.0109081,0.0838138,0.0838138,0.0858884,
9	401965985	401965985,401966145,401979115,401999015,402256335,	0.165885,-0.000409238,0.0526559,0.0526559,0.0508005,
9	401966145	401966145,401979115,401999015,402256335,	0.0326758,-0.0140767,-0.0140767,-0.0144027,
9	401979115	401979115,401999015,402256335,	0.305924,0.305924,0.30031,
9	401999015	401999015,402256335,	0.305924,0.30031,
9	402256335	402256335,	0.318692,
9	403308615	403308615,403630075,403639035,403639135,403642675,404200705,404212935,404239665,404278905,	0.0173045,-0.00124175,-0.000846226,-0.00174328,-0.000828905,-0.000613102,-0.00042933,-6.17225e-05,-0.000933012,
9	403630075	403630075,403639035,403639135,403642675,404200705,404212935,404239665,404278905,404472445,	0.298789,-0.0190672,0.287987,-0.0109971,-0.00662723,-0.00570395,0.000971238,-0.040578,0.030857,
9	403639035	403639035,403639135,403642675,404200705,404212935,404239665,404278905,404472445,	0.0670708,-0.0176983,0.00252012,-0.00402187,-0.00144652,-0.000195896,0.000478958,-0.000995628,
9	403639135	403639135,403642675,404200705,404212935,404239665,404278905,404472445,	0.313959,-0.0121288,-0.00823208,-0.00638203,0.000804522,-0.0470052,0.0270684,
9	403642675	403642675,404200705,404212935,404239665,404278905,404472445,	0.0390036,-0.000963741,-0.000672352,-0.000132321,-0.00911283,0.0224886,
9	404200705	404200705,404212935,404239665,404278905,404472445,405029305,405199225,	0.0612163,-0.000532047,-0.000135751,0.0401963,-0.00533962,-0.000295843,-0.000295843,
9	404212935	404212935,404239665,404278905,404472445,405029305,405199225,	0.0155055,7.03521e-06,-0.00235189,-0.000141262,-8.1256e-06,-8.1256e-06,
9	404239665	404239665,404278905,404472445,405029305,405199225,	0.00234792,-0.000943311,-0.000495505,-2.156e-05,-2.156e-05,
9	404278905	404278905,404472445,405029305,405199225,	0.290351,-0.0274099,0.000392983,0.000392983,
9	404472445	404472445,405029305,405199225,405415015,	0.129552,0.0053221,0.0053221,0.00185027,
9	405029305	405029305,405199225,405415015,405804935,405819755,405820735,	0.00464476,0.00464476,-3.92992e-05,-5.09777e-05,9.99928e-06,-3.92992e-05,
9	405199225	405199225,405415015,405804935,405819755,405820735,	0.00464476,-3.92992e-05,-5.09777e-05,9.99928e-06,-3.92992e-05,
9	405415015	405415015,405804935,405819755,405820735,	0.00234855,-1.91652e-05,-6.22975e-06,0.00234855,
9	405804935	405804935,405819755,405820735,	0.00234914,-1.99455e-05,-1.91652e-05,
9	405819755	405819755,405820735,	0.0284749,-6.22975e-06,
9	405820735	405820735,	0.00234855,
9	407290835	407290835,407324475,407459555,407629025,	0.0348921,-0.000328132,-0.000215838,-0.00052615,
9	407324475	407324475,407459555,407629025,	0.0113025,3.19318e-05,-1.11425e-05,
9	407459555	407459555,407629025,408343815,	0.00452896,-7.33352e-05,1.4884e-06,
9	407629025	407629025,408343815,	0.00899632,-1.88379e-05,
9	408343815	408343815,408777395,408869805,409008525,409009985,409010375,409014835,409019925,409038015,409293505,	0.00233849,-3.63726e-05,-8.7605e-05,0.000432476,-0.000788341,-3.32262e-05,-0.00131065,-1.72904e-05,5.1303e-06,-0.000156237,
9	408777395	408777395,408869805,409008525,409009985,409010375,409014835,409019925,409038015,409293505,409470635,	0.00665026,-0.000762967,0.000266118,-0.00215276,1.36397e-05,-0.00130336,-4.64657e-05,-2.95572e-05,-0.00217021,-0.00224604,
9	408869805	408869805,409008525,409009985,409010375,409014835,409019925,409038015,409293505,409470635,	0.0953325,0.0117837,-0.00808439,-0.000535339,-0.0236532,0.00148414,-0.000602759,-0.0409592,-0.008978,
9	409008525	409008525,409009985,409010375,409014835,409019925,409038015,409293505,409470635,	0.142799,0.0251065,1.46382e-05,0.0438214,0.00124599,0.00105321,-0.037691,0.0246069,
9	409009985	409009985,409010375,409014835,409019925,409038015,409293505,409470635,	0.204833,-0.00457437,0.1495,-0.00189627,0.00056713,0.114694,0.197248,
9	409010375	409010375,409014835,409019925,409038015,409293505,409470635,	0.0284749,-0.0112483,-0.00033564,-9.0616e-05,0.0167693,-0.0049058,
9	409014835	409014835,409019925,409038015,409293505,409470635,	0.333667,0.00523423,-0.000671021,0.238018,0.14168,
9	409019925	409019925,409038015,409293505,409470635,	0.00690143,1.38199e-05,0.00256587,-0.0020976,
9	409038015	409038015,409293505,409470635,	0.00470139,-0.0018422,0.000538066,
9	409293505	409293505,409470635,	0.390196,0.118147,
9	409470635	409470635,410385615,	0.205391,0.0162349,
9	410385615	410385615,410893775,410970115,411110565,411142565,411180435,411198685,411284025,411353635,	0.386929,-0.0242552,-0.00769835,0.0103864,0.0106122,0.00979428,-0.0484139,-0.0309586,-0.021274,
9	410893775	410893775,410970115,411110565,411142565,411180435,411198685,411284025,411353635,411734455,	0.0433223,0.0123201,0.0225668,-0.00148407,0.0203388,-0.00487467,0.00382475,0.0261438,-0.000637549,
9	410970115	410970115,411110565,411142565,411180435,411198685,411284025,411353635,411734455,	0.012956,0.00429661,-0.000410474,0.00466554,-0.00164168,0.00254112,-0.000749637,-0.000213729,
9	411110565	411110565,411142565,411180435,411198685,411284025,411353635,411734455,412060475,412110435,	0.371995,0.00645122,0.299918,-0.035414,-0.0236133,0.0181456,0.00528837,-0.00133071,0.0182137,
9	411142565	411142565,411180435,411198685,411284025,411353635,411734455,412060475,412110435,	0.0194609,0.00941105,-0.00300148,0.000308367,-0.00122496,-0.000507996,-0.000328191,-0.00400536,
9	411180435	411180435,411198685,411284025,411353635,411734455,412060475,412110435,	0.356824,-0.0376422,-0.0264203,0.0138917,0.00761476,-0.00520209,0.0529799,
9	411198685	411198685,411284025,411353635,411734455,412060475,412110435,	0.0908736,0.00179692,-0.00260267,-0.00102036,-0.00296755,-0.0396707,
9	411284025	411284025,411353635,411734455,412060475,412110435,	0.0768527,-0.00193261,-0.00124215,0.0406599,-0.0377433,
9	411353635	411353635,411734455,412060475,412110435,	0.0425316,-0.000738788,-0.00261118,-0.00282056,
9	411734455	411734455,412060475,412110435,412556925,	0.0110496,0.0024248,-0.00449337,-0.000525091,
9	412060475	412060475,412110435,412556925,	0.0967125,-0.0453344,-0.00215257,
9	412110435	412110435,412556925,413065555,413066375,413105585,	0.391114,-0.000967632,0.0178418,-0.00590296,0.104255,
9	412556925	412556925,413065555,413066375,413105585,	0.0190396,-0.000485896,-0.000311088,-0.00632754,
9	413065555	413065555,413066375,413105585,413824635,413831025,	0.0388685,-0.000204393,0.0194169,-0.0009309,-0.000183405,
9	413066375	413066375,413105585,413824635,413831025,	0.00902389,0.00438961,0.00167125,-2.46799e-05,
9	413105585	413105585,413824635,413831025,	0.409097,-0.0100072,-0.00134034,
9	413824635	413824635,413831025,	0.0658961,0.00185418,
9	413831025	413831025,	0.00464971,
9	415181925	415181925,415216255,	0.0206693,-0.00589901,
9	415216255	415216255,	0.312519,
9	416220955	416220955,416509915,417044255,	0.33875,-0.138458,-0.000134761,
9	416509915	416509915,417044255,417345475,	0.423025,0.00104906,0.028952,
9	417044255	417044255,417345475,	0.00470755,0.000905675,
9	417345475	417345475,	0.407367,
9	418478475	418478475,418693795,419032075,419165365,419200175,419324615,419370825,419382095,419392845,419442245,419442575,419476225,	0.0351616,-0.0197381,0.0146904,0.000544329,-0.00123335,-0.000409777,-0.0133306,-0.00109399,-0.0149004,-0.0149004,-0.000357081,-0.00577315,
9	418693795	418693795,419032075,419165365,419200175,419324615,419370825,419382095,419392845,419442245,419442575,419476225,	0.339603,0.179212,0.0479915,0.0044854,0.0060077,-0.163289,0.0197282,-0.18443,-0.18443,0.00287923,-0.00416457,
9	419032075	419032075,419165365,419200175,419324615,419370825,419382095,419392845,419442245,419442575,419476225,	0.313269,0.0921825,0.000149121,0.00649919,-0.290879,0.0267529,-0.306,-0.306,0.00440106,-0.0350086,
9	419165365	419165365,419200175,419324615,419370825,419382095,419392845,419442245,419442575,419476225,	0.213408,-0.00669097,0.0023463,-0.0829489,-0.00974597,-0.0924747,-0.0924747,-0.00414683,0.0770589,
9	419200175	419200175,419324615,419370825,419382095,419392845,419442245,419442575,419476225,	0.031134,-7.78692e-05,0.00100147,-0.00166436,0.00380969,0.00380969,-0.000785535,0.0147649,
9	419324615	419324615,419370825,419382095,419392845,419442245,419442575,419476225,	0.014009,-0.00539558,-0.00183967,-0.0061635,-0.0061635,1.53745e-05,0.0093372,
9	419370825	419370825,419382095,419392845,419442245,419442575,419476225,	0.318879,-0.023377,0.298715,0.298715,-0.00380572,0.0259994,
9	419382095	419382095,419392845,419442245,419442575,419476225,	0.0829227,-0.0264222,-0.0264222,-0.00224266,-0.0353076,
9	419392845	419392845,419442245,419442575,419476225,	0.316051,0.316051,-0.00448039,0.0394758,
9	419442245	419442245,419442575,419476225,	0.316051,-0.00448039,0.0394758,
9	419442575	419442575,419476225,	0.0159198,0.00515612,
9	419476225	419476225,	0.379006,
9	420662665	420662665,420838075,420838365,420858605,421321805,	0.232208,0.0147456,0.208637,0.210608,0.00579581,
9	420838075	420838075,420838365,420858605,421321805,	0.0784893,-0.0619346,-0.0623096,-0.00148096,
9	420838365	420838365,420858605,421321805,	0.282013,0.279327,0.00753575,
9	420858605	420858605,421321805,	0.28171,0.00742866,
9	421321805	421321805,422215945,422311465,	0.017041,6.85903e-05,-0.000532226,
9	422215945	422215945,422311465,	0.303137,0.00449883,
9	422311465	422311465,	0.0297842,
9	423413945	423413945,423932735,	0.0393066,-0.000674713,
9	423932735	423932735,	0.0186067,
9	425499215	425499215,425830495,	0.186281,-0.00824277,
9	425830495	425830495,	0.037738,
9	427288235	427288235,427289375,428138715,428146955,	0.125559,0.00166411,0.000915247,-0.00203423,
9	427289375	427289375,428138715,428146955,	0.00231919,-0.000103611,-1.01176e-05,
9	428138715	428138715,428146955,428391905,428404035,428630225,428748885,428799435,429122035,429122165,	0.0167674,-0.000285577,0.0167674,-7.89016e-05,0.00236051,-0.000146974,-0.00062431,-4.44901e-05,-3.43515e-05,
9	428146955	428146955,428391905,428404035,428630225,428748885,428799435,429122035,429122165,429146135,429146555,	0.0239289,-0.000285577,-0.000170305,-0.00237529,-1.33377e-05,0.000102134,3.91185e-05,-5.00303e-05,-4.20328e-05,-0.000329887,
9	428391905	428391905,428404035,428630225,428748885,428799435,429122035,429122165,429146135,429146555,	0.0167674,-7.89016e-05,0.00236051,-0.000146974,-0.00062431,-4.44901e-05,-3.43515e-05,-7.48015e-06,-0.00010985,
9	428404035	428404035,428630225,428748885,428799435,429122035,429122165,429146135,429146555,	0.00452896,-0.000482165,0.000129895,-5.29548e-06,-1.30969e-05,-6.38296e-06,1.1459e-05,-3.93735e-05,
9	428630225	428630225,428748885,428799435,429122035,429122165,429146135,429146555,	0.121402,-0.000572055,-0.000913902,-0.0013133,-0.000318173,-0.000404524,-0.00110698,
9	428748885	428748885,428799435,429122035,429122165,429146135,429146555,	0.00851698,-5.06485e-05,-0.000138723,-2.68464e-06,-5.29951e-05,1.07759e-06,
9	428799435	428799435,429122035,429122165,429146135,429146555,	0.0205441,-3.14468e-05,-0.000108396,-0.000120877,-0.000285804,
9	429122035	429122035,429122165,429146135,429146555,429869705,	0.00679343,-3.4006e-05,-1.2977e-05,-7.03794e-05,0.00594847,
9	429122165	429122165,429146135,429146555,429869705,	0.00232831,3.14276e-06,2.83879e-05,-0.00056075,
9	429146135	429146135,429146555,429869705,	0.0023632,-3.88172e-05,-0.000825988,
9	429146555	429146555,429869705,	0.00899859,0.00577394,
9	429869705	429869705,	0.241536,
9	430874715	430874715,	0.143554,
9	432430465	432430465,432681295,	0.00235554,-5.23433e-05,
9	432681295	432681295,	0.0466689,
9	434203095	434203095,	0.00234263,
9	435758925	435758925,	0.0768422,
9	438578605	438578605,438580315,438597995,438644135,438664365,439205995,	0.418045,-0.0289511,0.00149919,0.00439871,-0.0254599,-0.0252338,
9	438580315	438580315,438597995,438644135,438664365,439205995,	0.055844,-0.000781467,-8.6017e-05,0.029793,0.0262705,
9	438597995	438597995,438644135,438664365,439205995,	0.00672294,2.5381e-05,0.000465632,-0.00140292,
9	438644135	438644135,438664365,439205995,	0.00455201,-0.000713771,-0.00126936,
9	438664365	438664365,439205995,439656515,	0.138471,0.0924482,-0.000563767,
9	439205995	439205995,439656515,439907495,439911915,440012675,440013665,440019705,	0.182973,-0.00103006,-0.000745239,-0.0332849,-0.00124242,0.0153244,0.000782539,
9	439656515	439656515,439907495,439911915,440012675,440013665,440019705,440478125,440557135,440563285,440563875,440563995,440575615,	0.00668699,-1.67081e-05,-0.00382996,2.05774e-05,-0.00126353,1.63697e-07,-0.000116943,-3.84944e-05,-4.62635e-05,0.00124407,0.000671549,-0.000847149,
9	439907495	439907495,439911915,440012675,440013665,440019705,440478125,440557135,440563285,440563875,440563995,440575615,440812755,440901825,	0.00236121,-0.00137213,-1.14888e-05,-0.0003173,-1.94834e-05,-4.51834e-05,0.00145657,-4.7342e-05,-0.000334138,-0.000554321,-0.000208506,-0.000894282,6.50081e-05,
9	439911915	439911915,440012675,440013665,440019705,440478125,440557135,440563285,440563875,440563995,440575615,440812755,440901825,	0.360821,-0.0013751,-0.00699018,0.000512555,0.0120292,-0.00154061,0.00125578,0.0177952,-0.0262837,0.024462,0.0527592,0.0577535,
9	440012675	440012675,440013665,440019705,440478125,440557135,440563285,440563875,440563995,440575615,440812755,440901825,	0.00459859,-0.00058798,-1.43664e-05,-0.00013333,-0.00319919,-3.55571e-05,-0.000261014,-0.000943152,0.00143516,0.0008659,0.00272138,
9	440013665	440013665,440019705,440478125,440557135,440563285,440563875,440563995,440575615,440812755,440901825,	0.137435,-0.000390545,0.00173685,0.00617571,-0.00066373,-0.00836626,-0.0196719,-0.00457431,0.0344741,-0.028141,
9	440019705	440019705,440478125,440557135,440563285,440563875,440563995,440575615,440812755,440901825,	0.00235588,-5.90468e-05,0.00163164,-1.38705e-05,-0.000280475,-0.000398024,0.00159537,0.000735594,0.00143085,
9	440478125	440478125,440557135,440563285,440563875,440563995,440575615,440812755,440901825,441165965,441169435,441170395,441181755,441181785,441183405,	0.0179966,0.00478229,-0.000136021,0.000556935,-0.000972808,-0.00196804,0.00495789,0.00533457,-6.02547e-05,-0.00541565,-0.00144596,-9.86333e-05,-0.00548714,-9.86333e-05,
9	440557135	440557135,440563285,440563875,440563995,440575615,440812755,440901825,441165965,441169435,441170395,441181755,441181785,441183405,441530315,441530875,441532355,	0.318939,0.00158411,-0.0434773,0.0378084,0.0470824,-0.0770561,-0.140664,0.00103064,0.039423,0.018078,0.0349474,0.0396368,0.0349474,0.00156689,-0.0170932,-0.0345285,
9	440563285	440563285,440563875,440563995,440575615,440812755,440901825,441165965,441169435,441170395,441181755,441181785,441183405,441530315,441530875,441532355,	0.00688458,0.00128182,0.00109224,-0.000657487,-0.00477883,-0.00401224,-1.65649e-05,0.00434514,-0.000451795,-0.000941147,0.00432845,-0.000941147,0.00688505,-0.00215089,-0.00033308,
9	440563875	440563875,440563995,440575615,440812755,440901825,441165965,441169435,441170395,441181755,441181785,441183405,441530315,441530875,441532355,	0.0835811,-0.0139584,-0.00539967,0.00620842,0.0247741,-0.000257606,0.00109517,-0.00557453,-0.00618935,0.000972866,-0.00618935,0.00129433,-0.00261812,-0.00673404,
9	440563995	440563995,440575615,440812755,440901825,441165965,441169435,441170395,441181755,441181785,441183405,441530315,441530875,441532355,	0.137802,-0.0132356,0.0295086,-0.0828266,-0.000389129,-0.0267242,-0.0080861,-0.0156296,-0.0262586,-0.0156296,0.00109519,-0.0191565,0.00464771,
9	440575615	440575615,440812755,440901825,441165965,441169435,441170395,441181755,441181785,441183405,441530315,441530875,441532355,441564595,	0.129072,0.0348737,0.0460274,0.001743,-0.0235032,-0.0007727,-0.00543761,-0.0229743,-0.00543761,-0.000653968,-0.0197917,-0.00358959,-0.00770043,
9	440812755	440812755,440901825,441165965,441169435,441170395,441181755,441181785,441183405,441530315,441530875,441532355,441564595,441694845,	0.22972,0.134579,0.000510396,-0.135636,0.00889457,0.00726633,-0.134971,0.00726633,-0.00477091,-0.0580821,0.0122539,-0.00384675,-0.0111839,
9	440901825	440901825,441165965,441169435,441170395,441181755,441181785,441183405,441530315,441530875,441532355,441564595,441694845,441875645,	0.343427,2.60559e-05,-0.139186,0.0211259,-0.0669679,-0.137759,-0.0669679,-0.00400598,-0.0268724,0.00768254,-0.0178593,-0.00209528,-0.0360387,
9	441165965	441165965,441169435,441170395,441181755,441181785,441183405,441530315,441530875,441532355,441564595,441694845,441875645,	0.0023486,-0.000646003,-0.000134626,0.00125103,-0.000649014,0.00125103,-1.63244e-05,-0.000334803,-0.000258791,0.00123418,-2.33478e-05,-0.00033348,
9	441169435	441169435,441170395,441181755,441181785,441183405,441530315,441530875,441532355,441564595,441694845,441875645,	0.223954,-0.0116122,-0.032291,0.223409,-0.032291,0.00434526,0.065571,-0.00592863,-0.0271039,0.0116557,0.0141154,
9	441170395	441170395,441181755,441181785,441183405,441530315,441530875,441532355,441564595,441694845,441875645,	0.0586874,-0.00180881,-0.0116894,-0.00180881,-0.000445625,0.00174229,-0.00384588,-0.00976601,0.00311877,0.000116475,
9	441181755	441181755,441181785,441183405,441530315,441530875,441532355,441564595,441694845,441875645,	0.123576,-0.0325542,0.123576,-0.000945995,-0.0130346,-0.000638326,0.0665449,-0.00217536,-0.00788403,
9	441181785	441181785,441183405,441530315,441530875,441532355,441564595,441694845,441875645,	0.223691,-0.0325542,0.00432881,0.0652968,-0.00515749,-0.0274216,0.0116249,0.0140538,
9	441183405	441183405,441530315,441530875,441532355,441564595,441694845,441875645,	0.123576,-0.000945995,-0.0130346,-0.000638326,0.0665449,-0.00217536,-0.00788403,
9	441530315	441530315,441530875,441532355,441564595,441694845,441875645,442231005,442231675,442240305,	0.00688632,-0.00214711,-0.000324612,-0.00101393,-0.000335963,-0.000678053,-0.000271319,-5.16777e-05,-0.000175225,
9	441530875	441530875,441532355,441564595,441694845,441875645,442231005,442231675,442240305,	0.130611,-0.00621279,-0.0163234,0.0179139,-0.00207905,0.00291953,-0.0054434,-0.00158513,
9	441532355	441532355,441564595,441694845,441875645,442231005,442231675,442240305,	0.0587232,-0.00505946,-0.000561251,-0.00498367,-0.00107533,-0.00162193,-0.000558994,
9	441564595	441564595,441694845,441875645,442231005,442231675,442240305,	0.152066,0.00131497,0.0113561,0.0137846,-0.00558692,-0.00484945,
9	441694845	441694845,441875645,442231005,442231675,442240305,	0.0223088,-0.00149789,0.00473018,-0.00169352,-0.00041245,
9	441875645	441875645,442231005,442231675,442240305,	0.0809627,-0.00153752,-0.00322713,-0.000494744,
9	442231005	442231005,442231675,442240305,443026115,	0.0196852,-0.000886571,-0.000434049,-0.000525229,
9	442231675	442231675,442240305,443026115,	0.0324923,-0.00171871,0.0196193,
9	442240305	442240305,443026115,	0.0258759,0.0163291,
9	443026115	443026115,443522515,443526265,443526525,443771925,443776015,443776565,	0.352326,-0.0119228,0.0226313,0.0567847,-0.0018656,0.0275249,-0.151131,
9	443522515	443522515,443526265,443526525,443771925,443776015,443776565,444180645,444186675,444186805,444188115,	0.0431011,-0.00681801,-0.0230688,-0.00136762,-0.00432233,0.0103141,0.00970239,0.00970239,0.00970239,0.00970239,
9	443526265	443526265,443526525,443771925,443776015,443776565,444180645,444186675,444186805,444188115,	0.273089,0.0848944,0.0208104,0.0432412,0.0605338,0.0649573,0.0649573,0.0649573,0.0649573,
9	443526525	443526525,443771925,443776015,443776565,444180645,444186675,444186805,444188115,	0.306652,0.00538391,0.0127614,-0.0358391,-0.0338587,-0.0338587,-0.0338587,-0.0338587,
9	443771925	443771925,443776015,443776565,444180645,444186675,444186805,444188115,444701345,444711965,	0.026953,-0.00263074,0.00622371,0.00596441,0.00596441,0.00596441,0.00596441,-0.00258488,0.00693599,
9	443776015	443776015,443776565,444180645,444186675,444186805,444188115,444701345,444711965,	0.0672439,0.0252489,0.0243479,0.0243479,0.0243479,0.0243479,0.0527331,-0.0446017,
9	443776565	443776565,444180645,444186675,444186805,444188115,444701345,444711965,	0.301668,0.294545,0.294545,0.294545,0.294545,0.0183149,-0.040206,
9	444180645	444180645,444186675,444186805,444188115,444701345,444711965,445006885,445150145,445155015,	0.296676,0.296676,0.296676,0.296676,0.0174023,-0.0404424,0.00122997,0.00127079,-0.0235932,
9	444186675	444186675,444186805,444188115,444701345,444711965,445006885,445150145,445155015,	0.296676,0.296676,0.296676,0.0174023,-0.0404424,0.00122997,0.00127079,-0.0235932,
9	444186805	444186805,444188115,444701345,444711965,445006885,445150145,445155015,	0.296676,0.296676,0.0174023,-0.0404424,0.00122997,0.00127079,-0.0235932,
9	444188115	444188115,444701345,444711965,445006885,445150145,445155015,	0.296676,0.0174023,-0.0404424,0.00122997,0.00127079,-0.0235932,
9	444701345	444701345,444711965,445006885,445150145,445155015,445359865,445361765,	0.0605078,-0.0560896,-0.00039143,0.00173489,0.030959,-0.0342461,-0.000115799,
9	444711965	444711965,445006885,445150145,445155015,445359865,445361765,	0.14756,-0.00157973,-0.00118879,-0.0147907,0.0246799,0.00298542,
9	445006885	445006885,445150145,445155015,445359865,445361765,445908385,	0.00234843,-8.21638e-06,0.00111236,-0.000520431,-2.45851e-05,-1.26652e-05,
9	445150145	445150145,445155015,445359865,445361765,445908385,446106525,446107855,446108305,446136485,446141955,	0.00236107,0.000903902,-0.000474245,-4.22788e-07,2.90574e-06,0.00024937,0.00024937,-0.00048729,0.000356803,0.000356803,
9	445155015	445155015,445359865,445361765,445908385,446106525,446107855,446108305,446136485,446141955,	0.222236,-0.184672,-0.00414037,0.000833852,0.0259415,0.0259415,-0.0142826,0.00957831,0.00957831,
9	445359865	445359865,445361765,445908385,446106525,446107855,446108305,446136485,446141955,446358095,	0.262305,0.00505783,-0.00272792,0.0411973,0.0411973,0.0121765,0.0573608,0.0573608,-0.013648,
9	445361765	445361765,445908385,446106525,446107855,446108305,446136485,446141955,446358095,446361185,	0.0179207,-2.19567e-05,0.00161063,0.00161063,-0.00202484,0.00191513,0.00191513,-0.000189782,-0.000310815,
9	445908385	445908385,446106525,446107855,446108305,446136485,446141955,446358095,446361185,446367895,446605465,446619495,446699475,	0.00233106,0.000291228,0.000291228,-0.000218572,0.000447179,0.000447179,-0.000137253,-4.35476e-05,-1.86986e-05,-1.29422e-06,-0.000188887,0.00185824,
9	446106525	446106525,446107855,446108305,446136485,446141955,446358095,446361185,446367895,446605465,446619495,446699475,	0.0878943,0.0878943,0.00417783,0.078792,0.078792,0.00774678,0.00128203,0.00135553,0.000332402,0.00343842,-0.0231484,
9	446107855	446107855,446108305,446136485,446141955,446358095,446361185,446367895,446605465,446619495,446699475,	0.0878943,0.00417783,0.078792,0.078792,0.00774678,0.00128203,0.00135553,0.000332402,0.00343842,-0.0231484,
9	446108305	446108305,446136485,446141955,446358095,446361185,446367895,446605465,446619495,446699475,	0.0763359,0.000351371,0.000351371,0.00469495,-0.00039419,-0.000868486,-0.000323516,-0.00322191,-0.0432633,
9	446136485	446136485,446141955,446358095,446361185,446367895,446605465,446619495,446699475,	0.108133,0.108133,-0.0243833,0.00137043,-0.00495796,0.00049119,0.00373373,-0.025821,
9	446141955	446141955,446358095,446361185,446367895,446605465,446619495,446699475,	0.108133,-0.0243833,0.00137043,-0.00495796,0.00049119,0.00373373,-0.025821,
9	446358095	446358095,446361185,446367895,446605465,446619495,446699475,	0.0327029,-5.08576e-06,-0.000572835,-0.000137259,1.30697e-05,0.00522295,
9	446361185	446361185,446367895,446605465,446619495,446699475,	0.011058,-8.33119e-05,-4.59701e-05,-0.000993855,0.00581114,
9	446367895	446367895,446605465,446619495,446699475,	0.00688632,-2.15297e-05,-0.000308381,-0.00255032,
9	446605465	446605465,446619495,446699475,	0.00230561,1.48892e-05,8.96973e-05,
9	446619495	446619495,446699475,	0.0570392,0.0334943,
9	446699475	446699475,	0.346983,
9	447775395	447775395,447776735,447777415,447926885,448319765,448328625,448338385,	0.00688632,0.00688632,-5.45906e-05,-0.00210607,-0.00217344,-0.00406376,0.00228616,
9	447776735	447776735,447777415,447926885,448319765,448328625,448338385,	0.00688632,-5.45906e-05,-0.00210607,-0.00217344,-0.00406376,0.00228616,
9	447777415	447777415,447926885,448319765,448328625,448338385,	0.034099,0.0189972,-0.00475325,0.0127274,0.0116749,
9	447926885	447926885,448319765,448328625,448338385,448921555,	0.334669,-0.113709,0.192902,0.192478,0.00216038,
9	448319765	448319765,448328625,448338385,448921555,	0.189131,0.0723264,0.0695619,0.00176473,
9	448328625	448328625,448338385,448921555,449325085,	0.315905,0.285547,0.00394172,-0.0242358,
9	448338385	448338385,448921555,449325085,449329595,449334065,449336935,449336955,	0.289505,0.00302585,-0.0158096,0.0183815,0.00531917,-0.0100277,-0.000677353,
9	448921555	448921555,449325085,449329595,449334065,449336935,449336955,449339345,449341745,449794305,449817875,449818195,449818495,449818705,449835545,	0.0125465,-0.00177102,-0.00818381,-0.000213841,0.0010709,-9.52188e-05,-0.00754219,-9.89359e-05,-0.00772163,0.0125465,0.0125465,-0.000450056,-0.00772163,0.00482486,
9	449325085	449325085,449329595,449334065,449336935,449336955,449339345,449341745,449794305,449817875,449818195,449818495,449818705,449835545,450013335,450161035,450172365,450211975,450280995,450281565,450291955,	0.0969792,-0.0443955,-0.00235098,-0.00808651,-0.000313696,-0.040921,-0.0012562,0.0474916,-0.00177102,-0.00177102,-0.00424471,0.0474916,0.0457206,-0.0478943,0.0634949,-0.0197835,0.0132622,-0.00290021,-0.052836,0.0100523,
9	449329595	449329595,449334065,449336935,449336955,449339345,449341745,449794305,449817875,449818195,449818495,449818705,449835545,450013335,450161035,450172365,450211975,450280995,450281565,450291955,	0.334137,-0.00575853,-0.0686459,0.000299629,0.303742,0.0113776,-0.136981,-0.00818381,-0.00818381,0.0174947,-0.136981,-0.145165,-0.0822167,0.115806,-0.0537284,-0.0413035,-0.037802,0.148843,-0.0360443,
9	449334065	449334065,449336935,449336955,449339345,449341745,449794305,449817875,449818195,449818495,449818705,449835545,450013335,450161035,450172365,450211975,450280995,450281565,450291955,	0.0248431,-0.000703763,2.60804e-05,-0.00827553,-0.000223574,0.000878608,-0.000213841,-0.000213841,-0.000891606,0.000878608,0.000664768,0.00457539,-0.0117483,-0.00495382,0.00824296,-0.00138242,0.000672556,0.00768991,
9	449336935	449336935,449336955,449339345,449341745,449794305,449817875,449818195,449818495,449818705,449835545,450013335,450161035,450172365,450211975,450280995,450281565,450291955,	0.191215,0.00138716,-0.0934525,-0.00408447,-0.0485871,0.0010709,0.0010709,-0.00876672,-0.0485871,-0.0475162,-0.0372393,-0.0668285,0.0105845,0.0659973,-0.00237171,-0.0677932,0.0624373,
9	449336955	449336955,449339345,449341745,449794305,449817875,449818195,449818495,449818705,449835545,450013335,450161035,450172365,450211975,450280995,450281565,450291955,	0.00232418,0.000578128,-2.33714e-05,0.000439635,-9.52188e-05,-9.52188e-05,-0.000162503,0.000439635,0.000344417,-0.00135975,-9.18492e-05,0.00125243,-0.000795573,0.000173924,-0.00059267,-0.000856779,
9	449339345	449339345,449341745,449794305,449817875,449818195,449818495,449818705,449835545,450013335,450161035,450172365,450211975,450280995,450281565,450291955,	0.321454,0.0128464,-0.128544,-0.00754219,-0.00754219,0.0192319,-0.128544,-0.136086,-0.0778799,0.139018,-0.0470233,-0.0603497,-0.0334819,0.155614,-0.0658676,
9	449341745	449341745,449794305,449817875,449818195,449818495,449818705,449835545,450013335,450161035,450172365,450211975,450280995,450281565,450291955,	0.0233923,0.0112356,-9.89359e-05,-9.89359e-05,0.0014709,0.0112356,0.0111367,0.0142635,-0.0110895,0.0183179,-0.00375883,0.00387551,-0.00187646,-0.00503649,
9	449794305	449794305,449817875,449818195,449818495,449818705,449835545,450013335,450161035,450172365,450211975,450280995,450281565,450291955,	0.27828,-0.00772163,-0.00772163,-0.0108349,0.27828,0.270558,0.192897,-0.113863,0.0556415,-0.0113005,-0.0188285,-0.0382198,-0.0029488,
9	449817875	449817875,449818195,449818495,449818705,449835545,450013335,450161035,450172365,450211975,450280995,450281565,450291955,	0.0125465,0.0125465,-0.000450056,-0.00772163,0.00482486,-0.00536931,0.00537717,-0.00286659,0.0038087,-0.00127075,-0.00996395,0.00349284,
9	449818195	449818195,449818495,449818705,449835545,450013335,450161035,450172365,450211975,450280995,450281565,450291955,	0.0125465,-0.000450056,-0.00772163,0.00482486,-0.00536931,0.00537717,-0.00286659,0.0038087,-0.00127075,-0.00996395,0.00349284,
9	449818495	449818495,449818705,449835545,450013335,450161035,450172365,450211975,450280995,450281565,450291955,	0.0434912,-0.0108349,-0.011285,-0.00483338,0.0129376,-0.00524498,-0.00718608,-0.000447335,0.0118437,-0.00791314,
9	449818705	449818705,449835545,450013335,450161035,450172365,450211975,450280995,450281565,450291955,	0.27828,0.270558,0.192897,-0.113863,0.0556415,-0.0113005,-0.0188285,-0.0382198,-0.0029488,
9	449835545	449835545,450013335,450161035,450172365,450211975,450280995,450281565,450291955,	0.275383,0.187528,-0.108485,0.0527749,-0.00749177,-0.0200992,-0.0481838,0.000544044,
9	450013335	450013335,450161035,450172365,450211975,450280995,450281565,450291955,450863335,	0.262252,-0.181404,0.0715299,-0.0388765,-0.0131326,0.0305008,-0.0279222,-0.02574,
9	450161035	450161035,450172365,450211975,450280995,450281565,450291955,450863335,451071435,	0.348367,-0.117133,-0.0389735,0.000199749,0.0972015,-0.0551531,0.00954754,-0.0583703,
9	450172365	450172365,450211975,450280995,450281565,450291955,450863335,451071435,	0.227532,-0.0062968,-0.00985267,0.00268119,-0.0125591,-0.0203113,0.0459114,
9	450211975	450211975,450280995,450281565,450291955,450863335,451071435,	0.175782,-0.0105225,-0.1121,0.169319,-0.0156196,0.0167569,
9	450280995	450280995,450281565,450291955,450863335,451071435,	0.0802296,-0.0579328,-0.0117358,-0.000275286,0.00200062,
9	450281565	450281565,450291955,450863335,451071435,	0.355547,-0.098759,0.0214682,-0.0315035,
9	450291955	450291955,450863335,451071435,	0.191212,-0.019762,0.0214063,
9	450863335	450863335,451071435,451506015,451610575,451620255,451621765,451795545,	0.297069,-0.184205,-0.0231351,-0.000692125,0.00202094,0.0393632,-0.00150848,
9	451071435	451071435,451506015,451610575,451620255,451621765,451795545,452069205,	0.350077,0.0407898,-0.00101836,0.00135701,-0.111763,-0.00064931,-0.0132224,
9	451506015	451506015,451610575,451620255,451621765,451795545,452069205,	0.105824,0.00187915,0.00106491,-0.00890037,-0.00224437,-0.0017508,
9	451610575	451610575,451620255,451621765,451795545,452069205,	0.00233973,1.59441e-05,-0.000514601,-6.15565e-06,-8.42729e-05,
9	451620255	451620255,451621765,451795545,452069205,	0.00467445,0.00105141,3.22917e-05,0.000177198,
9	451621765	451621765,451795545,452069205,	0.209421,0.000266479,0.00927022,
9	451795545	451795545,452069205,	0.01729,-0.000360401,
9	452069205	452069205,452842535,452956515,452967545,452967935,	0.0187202,0.000687558,-0.000691902,-8.85547e-05,0.000161071,
9	452842535	452842535,452956515,452967545,452967935,453154325,453220855,453223035,453227315,453228915,453229495,453239705,453820215,	0.0504494,-0.00204308,-0.000404803,-0.00463651,-0.00429349,-0.000161491,-0.000620678,-0.0242079,0.0256221,-0.000624282,0.00240496,0.0220404,
9	452956515	452956515,452967545,452967935,453154325,453220855,453223035,453227315,453228915,453229495,453239705,453820215,453952535,453956065,	0.02453,-0.000180889,-0.00143496,-0.00131647,-7.60193e-05,-0.00042711,0.00612516,-0.000915205,-0.000431026,0.00112737,0.00498447,-0.0137241,0.000645142,
9	452967545	452967545,452967935,453154325,453220855,453223035,453227315,453228915,453229495,453239705,453820215,453952535,453956065,	0.0068888,0.0011451,0.00118881,-2.6547e-06,-0.000129848,-0.000713896,-4.46702e-05,-0.000130442,-1.86799e-05,-0.001719,-0.000371885,-0.000433558,
9	452967935	452967935,453154325,453220855,453223035,453227315,453228915,453229495,453239705,453820215,453952535,453956065,	0.0689665,0.062857,-0.000157366,-0.000575221,-0.00189948,-0.00249073,-0.000577717,-0.00117332,0.0195967,0.0231212,0.0021645,
9	453154325	453154325,453220855,453223035,453227315,453228915,453229495,453239705,453820215,453952535,453956065,454099895,454120665,454144385,	0.0635446,-0.000135589,-0.00058127,-0.00113525,-0.00226439,-0.000583859,-0.00107664,0.0230044,0.0182026,-0.00124017,-0.00328321,0.0281192,0.0301792,
9	453220855	453220855,453223035,453227315,453228915,453229495,453239705,453820215,453952535,453956065,454099895,454120665,454144385,454156275,	0.0023241,-2.69588e-06,0.000378435,-9.30598e-05,-3.08413e-06,3.15317e-05,-0.000350656,-0.000320246,-0.000172486,-0.000217375,-6.07731e-05,-0.000516647,0.00182956,
9	453223035	453223035,453227315,453228915,453229495,453239705,453820215,453952535,453956065,454099895,454120665,454144385,454156275,	0.0105435,0.000621013,-0.000171199,0.0105424,-2.69971e-05,6.99459e-06,0.00577055,-0.000757164,-0.00172904,-0.000548922,0.00480124,0.00319107,
9	453227315	453227315,453228915,453229495,453239705,453820215,453952535,453956065,454099895,454120665,454144385,454156275,	0.415493,-0.00797211,0.000581352,-0.00707592,-0.0990761,-0.0581654,-0.0149772,-0.0248449,-0.0127392,-0.0900469,-0.0295989,
9	453228915	453228915,453229495,453239705,453820215,453952535,453956065,454099895,454120665,454144385,454156275,	0.0263146,-0.000172904,0.00302982,0.0116817,0.0157241,-0.000898894,-0.00175545,-0.0018459,0.0148535,0.0220132,
9	453229495	453229495,453239705,453820215,453952535,453956065,454099895,454120665,454144385,454156275,454229335,	0.010542,-2.77005e-05,3.97888e-05,0.00577063,-0.000758435,-0.00172882,-0.000551667,0.00480079,0.00318263,0.00387343,
9	453239705	453239705,453820215,453952535,453956065,454099895,454120665,454144385,454156275,454229335,	0.0142047,0.00822659,0.00857583,-0.000271236,-0.000865869,-0.000790839,0.00609006,0.00046237,5.57356e-05,
9	453820215	453820215,453952535,453956065,454099895,454120665,454144385,454156275,454229335,454480235,454484525,	0.401494,-0.0647714,-0.0343289,-0.0254578,0.0160031,-0.0605392,0.042084,-0.0135515,0.0674782,0.0615191,
9	453952535	453952535,453956065,454099895,454120665,454144385,454156275,454229335,454480235,454484525,454898195,	0.383578,0.0248313,0.00675704,-0.000952451,0.292069,0.0364538,0.0595258,-0.00130696,-0.00467358,0.00450211,
9	453956065	453956065,454099895,454120665,454144385,454156275,454229335,454480235,454484525,454898195,	0.0428356,0.03655,-0.000295139,0.0183524,-0.00329872,0.0335433,-0.0188263,-0.0160108,-0.000346622,
9	454099895	454099895,454120665,454144385,454156275,454229335,454480235,454484525,454898195,	0.0570111,-0.00243195,0.0204265,-0.00778626,0.0498426,-0.0249711,-0.0200925,-0.00042169,
9	454120665	454120665,454144385,454156275,454229335,454480235,454484525,454898195,	0.042522,0.0204193,0.0353898,-0.00903659,-0.00988009,-0.007003,-0.000112363,
9	454144385	454144385,454156275,454229335,454480235,454484525,454898195,	0.376026,0.0525316,0.069734,-0.00615403,-0.00865087,-0.00215947,
9	454156275	454156275,454229335,454480235,454484525,454898195,	0.10964,0.060381,0.0176913,0.0229968,-0.000830408,
9	454229335	454229335,454480235,454484525,454898195,	0.151894,-0.00609708,0.00283124,-0.00128391,
9	454480235	454480235,454484525,454898195,455377665,	0.395877,0.353703,0.00385995,0.0203712,
9	454484525	454484525,454898195,455377665,	0.378941,0.00448943,0.0236111,
9	454898195	454898195,455377665,455676555,	0.00678025,0.00135048,-3.67449e-06,
9	455377665	455377665,455676555,	0.0306969,0.00179277,
9	455676555	455676555,456554735,456622825,	0.037196,-0.000378637,-0.000777349,
9	456554735	456554735,456622825,456828635,457164545,457280465,	0.00234687,-0.000143357,0.00228077,-2.00418e-05,-6.92612e-05,
9	456622825	456622825,456828635,457164545,457280465,	0.0127041,-0.000605988,-1.51908e-05,4.63144e-05,
9	456828635	456828635,457164545,457280465,	0.080393,1.56162e-05,0.00431229,
9	457164545	457164545,457280465,458100225,	0.0101553,-0.00041426,-0.00421968,
9	457280465	457280465,458100225,458186155,458211705,	0.0545576,0.0178155,0.00241983,-0.00018692,
9	458100225	458100225,458186155,458211705,458513185,458549065,	0.348597,0.115626,-0.00341537,0.00279382,0.12556,
9	458186155	458186155,458211705,458513185,458549065,459123305,459123935,459124845,	0.407726,-0.00463474,0.00106636,0.0540138,-0.0451473,-0.0459611,-0.00257604,
9	458211705	458211705,458513185,458549065,459123305,459123935,459124845,	0.00470252,2.98824e-06,-0.00293894,-0.00140086,-0.00140471,0.0017399,
9	458513185	458513185,458549065,459123305,459123935,459124845,459236405,	0.00652276,0.000899048,0.00305704,0.00306884,-0.000215748,0.000168334,
9	458549065	458549065,459123305,459123935,459124845,459236405,	0.352908,0.0813057,0.0807927,-0.0156556,0.10159,
9	459123305	459123305,459123935,459124845,459236405,459964795,460019945,460037075,	0.226572,0.226389,-0.0126109,0.16502,-0.00488579,-0.0178862,-0.0126109,
9	459123935	459123935,459124845,459236405,459964795,460019945,460037075,	0.226547,-0.0126569,0.1652,-0.00492101,-0.0179024,-0.0126569,
9	459124845	459124845,459236405,459964795,460019945,460037075,	0.0507145,-0.0152711,-0.000616534,-0.00413849,0.0507145,
9	459236405	459236405,459964795,460019945,460037075,460213065,	0.366208,-0.00920614,-0.0398876,-0.0152711,0.00247493,
9	459964795	459964795,460019945,460037075,460213065,	0.0319354,-0.000547954,-0.000616534,-0.000117757,
9	460019945	460019945,460037075,460213065,	0.0788095,-0.00413849,-7.91978e-05,
9	460037075	460037075,460213065,	0.0507145,-8.16942e-05,
9	460213065	460213065,	0.00236492,
9	461299865	461299865,461332435,461418325,461585005,461813795,462021595,462062365,462166295,	0.00672854,-0.00195856,-0.00192749,-0.00243286,-0.00153249,-0.00153249,-0.000126176,-4.33506e-05,
9	461332435	461332435,461418325,461585005,461813795,462021595,462062365,462166295,	0.249545,0.243769,0.14044,-0.028299,-0.028299,-0.00319544,-0.00123395,
9	461418325	461418325,461585005,461813795,462021595,462062365,462166295,	0.244632,0.142883,-0.0271657,-0.0271657,-0.00307447,-0.00330876,
9	461585005	461585005,461813795,462021595,462062365,462166295,	0.333992,0.0430987,0.0430987,-0.000308644,-0.0130056,
9	461813795	461813795,462021595,462062365,462166295,462759635,	0.18091,0.18091,0.00135588,-0.0156251,0.00647368,
9	462021595	462021595,462062365,462166295,462759635,462889965,	0.18091,0.00135588,-0.0156251,0.00647368,-0.000982459,
9	462062365	462062365,462166295,462759635,462889965,	0.012661,-0.00264631,-0.000723128,-8.14493e-05,
9	462166295	462166295,462759635,462889965,463073935,463082045,	0.185395,0.0163487,-0.00100694,-0.030203,-0.000307254,
9	462759635	462759635,462889965,463073935,463082045,463323565,	0.0370895,-0.000265524,-0.00782915,1.25749e-05,-0.00109252,
9	462889965	462889965,463073935,463082045,463323565,	0.00459619,-0.000926964,-2.81324e-05,-8.49762e-05,
9	463073935	463073935,463082045,463323565,464045665,	0.182158,0.00135274,0.0205478,0.0309733,
9	463082045	463082045,463323565,464045665,	0.0023241,-0.000133293,0.000546179,
9	463323565	463323565,464045665,	0.0309405,0.00146684,
9	464045665	464045665,	0.250103,
9	465099045	465099045,465186385,465186695,465204935,465435535,465716555,	0.00664048,0.000700862,0.000708716,-8.62111e-05,0.000330278,-0.00548014,
9	465186385	465186385,465186695,465204935,465435535,465716555,	0.163841,0.163762,-0.000467881,0.141435,0.0282979,
9	465186695	465186695,465204935,465435535,465716555,	0.164071,-0.000458586,0.141847,0.0287859,
9	465204935	465204935,465435535,465716555,	0.0112212,-0.000544402,0.00348333,
9	465435535	465435535,465716555,	0.195991,0.00308506,
9	465716555	465716555,466468285,466645485,	0.312794,0.121205,-0.00163064,
9	466468285	466468285,466645485,467333965,467335475,	0.28827,0.00257003,0.00451444,-0.0249388,
9	466645485	466645485,467333965,467335475,	0.00452881,-0.000259831,0.00157783,
9	467333965	467333965,467335475,467687405,468236895,468237905,468325845,468326825,	0.0536431,0.000349014,0.00818859,-0.00543716,-0.000903549,-0.000600894,-0.000350422,
9	467335475	467335475,467687405,468236895,468237905,468325845,468326825,	0.0728926,0.0262798,0.0122096,-0.000857209,-0.000168427,-0.00173862,
9	467687405	467687405,468236895,468237905,468325845,468326825,	0.359432,0.0135633,-0.00476248,-0.00593146,-0.00121304,
9	468236895	468236895,468237905,468325845,468326825,469145345,469149085,469149145,469151015,	0.319503,-0.00367156,0.00220526,-0.00164032,-0.00675657,0.00886767,-0.00979141,-0.000861402,
9	468237905	468237905,468325845,468326825,469145345,469149085,469149145,469151015,	0.00892034,2.13074e-05,-9.00855e-05,-0.000249345,-0.00115839,-0.000259255,-2.5009e-05,
9	468325845	468325845,468326825,469145345,469149085,469149145,469151015,	0.0044556,-6.53792e-05,-0.000317009,-0.000293753,-0.000301421,3.73366e-07,
9	468326825	468326825,469145345,469149085,469149145,469151015,	0.0134669,-0.000658054,-0.00227668,-0.000644069,-2.6501e-05,
9	469145345	469145345,469149085,469149145,469151015,469729895,469739905,469975095,469982235,	0.0383421,-0.00364607,0.0360738,-3.83162e-05,0.00226823,-0.000757392,-0.00310111,0.0111621,
9	469149085	469149085,469149145,469151015,469729895,469739905,469975095,469982235,	0.117326,-0.00333956,-0.000320095,-0.000306506,-0.00384112,0.00207348,-0.0198691,
9	469149145	469149145,469151015,469729895,469739905,469975095,469982235,	0.0361471,-3.24498e-05,-7.32248e-05,-0.00055528,-0.00275415,0.0117955,
9	469151015	469151015,469729895,469739905,469975095,469982235,	0.00234914,-5.86631e-06,-0.000204551,-0.000104823,0.00160817,
9	469729895	469729895,469739905,469975095,469982235,	0.00234145,-0.000202112,-0.000346955,-0.00063346,
9	469739905	469739905,469975095,469982235,	0.0566674,-0.00462126,-0.0125567,
9	469975095	469975095,469982235,	0.105218,-0.0175254,
9	469982235	469982235,	0.196415,
9	471042135	471042135,471267945,471268365,471755155,472041945,	0.0500497,-0.000469159,-0.000175609,0.00373505,-0.0029131,
9	471267945	471267945,471268365,471755155,472041945,472076415,	0.00695899,-4.98216e-06,-0.00439258,0.00598987,-0.00223842,
9	471268365	471268365,471755155,472041945,472076415,	0.00234766,-0.000303264,-0.000155234,0.00121192,
9	471755155	471755155,472041945,472076415,	0.361479,-0.0410037,0.0807483,
9	472041945	472041945,472076415,472787585,472788465,472802505,	0.0708521,-0.0174372,-0.000331445,-0.0133577,-0.00440565,
9	472076415	472076415,472787585,472788465,472802505,	0.263704,-0.000777073,0.17101,-0.0229201,
9	472787585	472787585,472788465,472802505,	0.00649507,0.000139396,-0.000611979,
9	472788465	472788465,472802505,	0.270864,-0.0105676,
9	472802505	472802505,	0.068785,
9	475689905	475689905,475735145,475896425,475898825,475970895,476158225,	0.290718,0.220453,-0.0066492,0.216446,0.220453,0.0203547,
9	475735145	475735145,475896425,475898825,475970895,476158225,	0.233722,-0.00705007,0.229193,0.233722,0.0185352,
9	475896425	475896425,475898825,475970895,476158225,	0.0107919,-0.00712576,-0.00705007,-0.00132006,
9	475898825	475898825,475970895,476158225,	0.231517,0.229193,0.0180094,
9	475970895	475970895,476158225,	0.233722,0.0185352,
9	476158225	476158225,	0.0819164,
9	477739175	477739175,478230255,478238585,478563235,	0.00459585,0.000401619,0.000401619,0.00168438,
9	478230255	478230255,478238585,478563235,478830035,	0.0697135,0.0697135,-0.00236443,0.000162788,
9	478238585	478238585,478563235,478830035,	0.0697135,-0.00236443,0.000162788,
9	478563235	478563235,478830035,	0.195899,-0.000307834,
9	478830035	478830035,	0.00235985,
9	480328935	480328935,480488875,	0.00234616,-2.05135e-05,
9	480488875	480488875,	0.00461116,
9	481829335	481829335,481837585,481844615,481986625,482156205,482199335,482502305,	0.363976,0.14538,0.145104,0.14538,0.00243261,-0.0140735,-0.00595483,
9	481837585	481837585,481844615,481986625,482156205,482199335,482502305,	0.298912,0.298337,0.298912,0.0135086,-0.00317407,-0.00357219,
9	481844615	481844615,481986625,482156205,482199335,482502305,	0.298308,0.298337,0.0125285,-0.00316707,-0.00354767,
9	481986625	481986625,482156205,482199335,482502305,	0.298912,0.0135086,-0.00317407,-0.00357219,
9	482156205	482156205,482199335,482502305,483050635,	0.350423,0.00810206,-0.00101838,-0.00793673,
9	482199335	482199335,482502305,483050635,	0.028553,-0.000910684,-0.000338213,
9	482502305	482502305,483050635,483394885,	0.0219793,-0.000268945,-4.72454e-05,
9	483050635	483050635,483394885,	0.0124545,-2.26559e-05,
9	483394885	483394885,	0.00234948,
9	484952915	484952915,485192285,485231155,485254945,485438495,485438935,	0.416041,0.01118,4.34142e-05,-0.0169061,0.000958135,0.00968012,
9	485192285	485192285,485231155,485254945,485438495,485438935,486014995,486029355,486029385,486029825,486191415,	0.139162,-0.0104022,0.0549215,0.0328414,-0.0320484,-0.00676623,-0.00414699,-0.00126209,-0.00364051,-0.000380827,
9	485231155	485231155,485254945,485438495,485438935,486014995,486029355,486029385,486029825,486191415,486225325,	0.0899081,0.0318082,-0.0518408,0.0566299,-0.0127451,0.0514591,-0.000820542,0.00108368,0.00181681,-0.0138942,
9	485254945	485254945,485438495,485438935,486014995,486029355,486029385,486029825,486191415,486225325,486245425,	0.379132,-0.0984246,0.0827197,0.034444,0.035001,0.00183645,-0.00475715,-0.00109172,-0.0643033,-0.000122308,
9	485438495	485438495,485438935,486014995,486029355,486029385,486029825,486191415,486225325,486245425,486265535,486407945,	0.22306,-0.181018,-0.022311,-0.00610777,-0.00375143,0.0022403,-0.00221308,0.0183651,0.00491272,0.000815819,-0.00867288,
9	485438935	485438935,486014995,486029355,486029385,486029825,486191415,486225325,486245425,486265535,486407945,	0.189343,0.0192935,0.0210489,-0.00216866,-0.00132796,0.00283217,-0.0284139,-0.00475268,-0.000706094,0.0104078,
9	486014995	486014995,486029355,486029385,486029825,486191415,486225325,486245425,486265535,486407945,	0.113441,-0.0329547,0.00509883,0.000226247,-0.00280479,-0.00680126,-0.00280936,-0.000486282,-0.00294793,
9	486029355	486029355,486029385,486029825,486191415,486225325,486245425,486265535,486407945,	0.266756,-0.00226626,-0.00309158,0.018138,-0.0423153,-0.00479925,-0.000960249,0.0211848,
9	486029385	486029385,486029825,486191415,486225325,486245425,486265535,486407945,	0.00687801,-0.000169263,-0.000185817,0.00224206,-1.31037e-05,-2.68858e-06,-0.00026426,
9	486029825	486029825,486191415,486225325,486245425,486265535,486407945,	0.0149378,-0.000409754,-0.005893,-0.000239779,2.36609e-05,-0.000260423,
9	486191415	486191415,486225325,486245425,486265535,486407945,	0.0189322,-0.010179,-0.000360516,-3.15164e-05,-0.000120325,
9	486225325	486225325,486245425,486265535,486407945,	0.357567,0.0166948,-0.00111286,-0.0100116,
9	486245425	486245425,486265535,486407945,	0.0184793,-4.83992e-05,-0.000696151,
9	486265535	486265535,486407945,	0.00234687,-8.51197e-05,
9	486407945	486407945,487338015,487350055,487376935,	0.0249076,-0.000210814,-0.00426661,-0.00367008,
9	487338015	487338015,487350055,487376935,487895995,488003255,488007385,488014655,488060815,488217445,488335955,	0.00463551,0.00329929,-0.00267769,-6.42185e-05,0.00196121,0.00332949,-3.29294e-05,-3.30631e-06,-0.000215053,-0.00081418,
9	487350055	487350055,487376935,487895995,488003255,488007385,488014655,488060815,488217445,488335955,	0.148914,-0.0577828,0.00069191,0.0262578,0.0714933,-0.00156989,0.000725781,-0.00649502,-0.00983761,
9	487376935	487376935,487895995,488003255,488007385,488014655,488060815,488217445,488335955,	0.367945,0.0216483,-0.029257,0.0179238,0.00411671,-0.00300541,0.0333148,0.0793972,
9	487895995	487895995,488003255,488007385,488014655,488060815,488217445,488335955,488485415,488691655,	0.0358031,0.0152698,-0.00496533,-0.000205864,-0.000415503,-0.00303146,0.0327812,-0.00231232,-0.00147622,
9	488003255	488003255,488007385,488014655,488060815,488217445,488335955,488485415,488691655,	0.36047,0.115022,0.000401901,0.00470684,-0.0355972,0.0580575,0.0131474,-0.0387047,
9	488007385	488007385,488014655,488060815,488217445,488335955,488485415,488691655,	0.272153,0.00330647,-0.00136461,-0.0131152,-0.0427861,-0.0178274,-0.000580109,
9	488014655	488014655,488060815,488217445,488335955,488485415,488691655,	0.00683705,-4.28381e-05,0.00181225,-0.000787037,-0.000255336,0.00100976,
9	488060815	488060815,488217445,488335955,488485415,488691655,	0.00676488,-0.000565191,0.000826297,0.00149096,-0.000629201,
9	488217445	488217445,488335955,488485415,488691655,	0.0688163,-0.0087453,-0.00393484,-0.00795828,
9	488335955	488335955,488485415,488691655,	0.156625,0.0525818,-0.0118648,
9	488485415	488485415,488691655,	0.062331,-0.000458802,
9	488691655	488691655,489535905,489680025,	0.10762,-0.000543443,0.0179759,
9	489535905	489535905,489680025,490015875,	0.00653875,0.00367422,-2.39348e-05,
9	489680025	489680025,490015875,	0.116318,-0.00322371,
9	490015875	490015875,490987375,491001405,	0.0759967,0.0176413,-0.000476882,
9	490987375	490987375,491001405,491161875,491163465,491328135,491328545,491401695,491675185,491678475,491679805,	0.309323,-0.00625457,-0.0135391,-0.033946,-0.0185838,0.00138448,0.00851849,-0.0152655,-0.0192686,0.0088186,
9	491001405	491001405,491161875,491163465,491328135,491328545,491401695,491675185,491678475,491679805,	0.01263,-0.000250772,-0.00328625,-0.000464555,-9.37711e-05,-0.000387928,-0.000312604,-0.000817505,-0.000188819,
9	491161875	491161875,491163465,491328135,491328545,491401695,491675185,491678475,491679805,492062735,492064045,492067145,492069725,492088525,492142615,	0.0177789,-0.00574261,-0.000878053,-8.46755e-05,-0.000404931,-0.000352282,-0.000739655,-0.00102432,-0.000193443,-0.000816163,-0.00102432,-0.00146164,-0.00140969,-0.00111822,
9	491163465	491163465,491328135,491328545,491401695,491675185,491678475,491679805,492062735,492064045,492067145,492069725,492088525,492142615,	0.244777,-0.0144002,-0.00304611,-0.000915064,0.0157712,-0.0098648,0.0162194,0.00101261,-0.0389689,0.0162194,-0.0162012,-0.0269835,-0.0335109,
9	491328135	491328135,491328545,491401695,491675185,491678475,491679805,492062735,492064045,492067145,492069725,492088525,492142615,492172765,492282595,492322135,	0.0409915,-0.000550199,-0.00108623,-0.00078265,-0.00227862,-0.00102209,-0.000148052,-0.00434892,-0.00102209,-0.00649523,-0.00629708,-0.00592715,-0.000642745,-0.00893942,-0.00865949,
9	491328545	491328545,491401695,491675185,491678475,491679805,492062735,492064045,492067145,492069725,492088525,492142615,492172765,492282595,492322135,	0.0108411,-0.000175368,-0.0003841,-0.000590358,-0.000408904,-0.000198784,-0.00290782,-0.000408904,-0.00395457,-0.00391291,-0.00366429,-0.000241473,0.00332248,0.00336288,
9	491401695	491401695,491675185,491678475,491679805,492062735,492064045,492067145,492069725,492088525,492142615,492172765,492282595,492322135,	0.0196418,-0.000421625,-0.00114904,-0.000548266,-0.000213121,-0.00855411,-0.000548266,-0.00910241,-0.00910782,-0.00886825,-0.000488893,-0.0107405,-0.0107227,
9	491675185	491675185,491678475,491679805,492062735,492064045,492067145,492069725,492088525,492142615,492172765,492282595,492322135,492442075,492446475,492467425,492544915,	0.0262372,-0.00087489,-0.000620345,0.00201538,-0.0122416,-0.000620345,0.013037,-0.00432222,-0.0061807,-0.000533562,0.00631875,0.00648894,-0.00657315,-5.90112e-05,-0.000396349,-0.00194557,
9	491678475	491678475,491679805,492062735,492064045,492067145,492069725,492088525,492142615,492172765,492282595,492322135,492442075,492446475,492467425,492544915,	0.0406685,-0.000319272,-0.000178355,-0.0128686,-0.000319272,-0.0149218,-0.014558,-0.0134767,-0.00155924,-0.0145929,-0.014148,0.0145629,-0.000343881,-0.000606089,-0.00431327,
9	491679805	491679805,492062735,492064045,492067145,492069725,492088525,492142615,492172765,492282595,492322135,492442075,492446475,492467425,492544915,	0.0223088,-0.000240242,-0.00872653,0.0223088,-0.0094596,-0.00930835,-0.00850375,6.49598e-05,-0.0133115,-0.013215,0.0153625,-9.83479e-06,-0.000137567,-0.00243406,
9	492062735	492062735,492064045,492067145,492069725,492088525,492142615,492172765,492282595,492322135,492442075,492446475,492467425,492544915,	0.00663817,-0.00237763,-0.000240242,-0.00051873,0.00628418,-0.000224523,-0.000122883,-0.0032821,-0.00318405,-0.00103714,-9.10622e-05,-1.59238e-05,-0.00046985,
9	492064045	492064045,492067145,492069725,492088525,492142615,492172765,492282595,492322135,492442075,492446475,492467425,492544915,	0.266095,-0.00872653,0.24368,0.249115,0.245579,-0.00281135,0.190555,0.193429,-0.155868,0.000169797,0.00574978,-0.0173894,
9	492067145	492067145,492069725,492088525,492142615,492172765,492282595,492322135,492442075,492446475,492467425,492544915,	0.0223088,-0.0094596,-0.00930835,-0.00850375,6.49598e-05,-0.0133115,-0.013215,0.0153625,-9.83479e-06,-0.000137567,-0.00243406,
9	492069725	492069725,492088525,492142615,492172765,492282595,492322135,492442075,492446475,492467425,492544915,	0.271314,0.259919,0.25505,-0.00358814,0.208376,0.211374,-0.170927,-1.14735e-05,0.00491914,-0.0204022,
9	492088525	492088525,492142615,492172765,492282595,492322135,492442075,492446475,492467425,492544915,	0.275013,0.263418,-0.00335094,0.195471,0.198466,-0.164365,-9.37813e-05,0.00523037,-0.0194464,
9	492142615	492142615,492172765,492282595,492322135,492442075,492446475,492467425,492544915,493097635,	0.264843,-0.00327152,0.200274,0.20316,-0.166836,-3.46235e-05,0.00531956,-0.0188211,0.00461758,
9	492172765	492172765,492282595,492322135,492442075,492446475,492467425,492544915,493097635,	0.0152038,-0.00562655,-0.00553372,0.00355886,-0.000294172,-0.000356416,-0.00140233,-0.00104674,
9	492282595	492282595,492322135,492442075,492446475,492467425,492544915,493097635,493183675,	0.274962,0.274456,-0.225286,-0.000948336,0.00613174,-0.029855,-0.00382198,-0.00378911,
9	492322135	492322135,492442075,492446475,492467425,492544915,493097635,493183675,	0.278405,-0.229542,-0.00088823,0.00617384,-0.0295195,-0.00360739,-0.00390195,
9	492442075	492442075,492446475,492467425,492544915,493097635,493183675,493395775,493407335,	0.294907,0.00317164,-0.00627745,0.0315565,0.00786982,0.00362526,0.0081864,0.0141805,
9	492446475	492446475,492467425,492544915,493097635,493183675,493395775,493407335,493445085,	0.00457736,-8.8648e-05,-0.000400649,-6.47963e-05,-0.000132378,-5.88999e-05,-0.000142148,-0.000109491,
9	492467425	492467425,492544915,493097635,493183675,493395775,493407335,493445085,	0.0178734,-0.00135406,-0.00152573,-0.00124459,-0.000540146,-0.000587769,-1.20511e-06,
9	492544915	492544915,493097635,493183675,493395775,493407335,493445085,	0.0715262,-0.0042491,0.00654551,-0.00313126,-0.00226039,-0.000565068,
9	493097635	493097635,493183675,493395775,493407335,493445085,493688305,493708065,493765695,493765715,493766705,493770735,493772295,493773065,493774115,493774235,493779055,493913915,493983925,494006215,494090135,	0.0696046,-0.00290476,0.000530188,-0.00267452,-0.000525729,-0.0166099,-0.00350139,-0.00528865,-0.000465296,-0.00134928,-0.00534924,-0.00171206,-0.0137737,-0.00808104,-0.0134162,-0.00890387,0.000193947,-0.0030975,0.000136126,-0.00288312,
9	493183675	493183675,493395775,493407335,493445085,493688305,493708065,493765695,493765715,493766705,493770735,493772295,493773065,493774115,493774235,493779055,493913915,493983925,494006215,494090135,	0.0393603,0.000371181,-0.000913903,-0.000147458,-0.00374818,-0.00201445,0.00349742,-0.000208167,0.0181615,0.00342213,0.00465512,-0.00353191,-0.00691721,-0.00348082,-0.00672692,0.00676332,-0.00179827,0.00673437,0.000794611,
9	493395775	493395775,493407335,493445085,493688305,493708065,493765695,493765715,493766705,493770735,493772295,493773065,493774115,493774235,493779055,493913915,493983925,494006215,494090135,494243685,494255635,494383505,	0.0299166,-0.000928949,-0.000635856,0.0119924,-0.00221316,0.0168447,-0.000111076,-0.000471564,0.0167708,0.017803,0.00950636,-0.00673045,0.0100482,-0.00602502,0.0205189,-0.00206952,0.0204906,-0.00113354,-0.00356651,-0.00053089,-0.00590807,
9	493407335	493407335,493445085,493688305,493708065,493765695,493765715,493766705,493770735,493772295,493773065,493774115,493774235,493779055,493913915,493983925,494006215,494090135,494243685,494255635,494383505,	0.03416,-0.000329455,0.00449331,-0.00135061,-0.00621977,-3.44573e-05,-0.000301494,-0.00627895,0.00387291,-0.00856141,-0.00186856,-0.00814404,-0.009411,-0.00430605,0.00581956,-0.00432681,-0.00123664,-0.0131364,-0.000325348,0.00645884,
9	493445085	493445085,493688305,493708065,493765695,493765715,493766705,493770735,493772295,493773065,493774115,493774235,493779055,493913915,493983925,494006215,494090135,494243685,494255635,494383505,494428375,	0.00659633,0.000630532,0.00164604,0.00480991,2.21665e-08,4.87641e-06,0.00480738,0.00293444,0.00446149,-0.00238224,0.00242366,-0.00220183,0.0035793,-0.000289838,0.00357801,-0.000411124,-0.00430129,-4.43655e-05,-0.00287557,-0.0010798,
9	493688305	493688305,493708065,493765695,493765715,493766705,493770735,493772295,493773065,493774115,493774235,493779055,493913915,493983925,494006215,494090135,494243685,494255635,494383505,494428375,494457615,494458045,494477005,494477365,	0.301623,-0.0241745,0.0432808,-0.00114306,-0.00776169,0.040352,0.0660267,0.228866,0.191377,0.231673,0.186867,0.055154,-0.00754175,0.0552278,-0.00887942,-0.00747057,0.00543559,0.0197565,0.006369,-0.00571801,0.0225645,-0.000714888,0.00202735,
9	493708065	493708065,493765695,493765715,493766705,493770735,493772295,493773065,493774115,493774235,493779055,493913915,493983925,494006215,494090135,494243685,494255635,494383505,494428375,494457615,494458045,494477005,494477365,	0.0468422,0.0351378,-0.000251182,-0.00090137,0.0383735,-0.00987248,0.0276094,-0.0103575,0.0280388,-0.00940575,-0.00815796,-0.00235586,-0.0081757,0.00151319,0.0161835,-0.000317317,-0.0094109,-0.000185256,-0.00405896,-0.00437279,-0.00283338,0.0015166,
9	493765695	493765695,493765715,493766705,493770735,493772295,493773065,493774115,493774235,493779055,493913915,493983925,494006215,494090135,494243685,494255635,494383505,494428375,494457615,494458045,494477005,494477365,	0.150942,-0.000735585,-0.00259288,0.148943,0.106229,0.0887522,-0.0596427,0.0894046,-0.0545254,0.096985,-0.00435532,0.0969085,-0.00366956,-0.00487208,0.000617005,0.00306755,0.0230414,-0.007467,0.00364719,-0.00456204,0.0137118,
9	493765715	493765715,493766705,493770735,493772295,493773065,493774115,493774235,493779055,493913915,493983925,494006215,494090135,494243685,494255635,494383505,494428375,494457615,494458045,494477005,494477365,	0.00457753,-0.000195126,-0.000728328,-0.000474433,-0.00129195,-0.000561849,-0.00129248,-0.000509903,-0.000428425,-0.00032278,-0.000431458,-0.000408995,0.00184901,2.80637e-06,-0.00177633,-0.000465615,-0.000184421,-0.00143831,-0.000205163,-0.00014675,
9	493766705	493766705,493770735,493772295,493773065,493774115,493774235,493779055,493913915,493983925,494006215,494090135,494243685,494255635,494383505,494428375,494457615,494458045,494477005,494477365,	0.0166214,-0.00263827,-0.00178838,-0.00848238,-0.00582738,-0.00846458,-0.00597329,-0.00113614,-0.000615211,-0.00115093,0.00144957,-0.0161034,-8.81504e-05,0.00538371,0.00457951,-0.00182928,0.00757317,-0.00181936,0.00521574,
9	493770735	493770735,493772295,493773065,493774115,493774235,493779055,493913915,493983925,494006215,494090135,494243685,494255635,494383505,494428375,494457615,494458045,494477005,494477365,	0.153116,0.107088,0.092797,-0.059764,0.0934606,-0.054558,0.0979727,-0.00466445,0.0978976,-0.00369914,-0.00665157,0.000646371,0.00305908,0.0233216,-0.00756784,0.0038581,-0.00471997,0.0152978,
9	493772295	493772295,493773065,493774115,493774235,493779055,493913915,493983925,494006215,494090135,494243685,494255635,494383505,494428375,494457615,494458045,494477005,494477365,	0.145126,0.0725046,-0.0341519,0.0730507,-0.0534092,0.100733,0.0128477,0.100647,-0.00636232,-0.0335677,0.00719432,0.0102941,0.0220871,-0.00692774,0.0102718,0.000863513,0.0124155,
9	493773065	493773065,493774115,493774235,493779055,493913915,493983925,494006215,494090135,494243685,494255635,494383505,494428375,494457615,494458045,494477005,494477365,	0.297603,0.201288,0.29404,0.191129,0.0563681,-0.00515281,0.056419,-0.0103426,0.0097442,0.00503378,0.00909682,0.00357984,-0.00728264,0.0125816,0.00125815,-0.000562797,
9	493774115	493774115,493774235,493779055,493913915,493983925,494006215,494090135,494243685,494255635,494383505,494428375,494457615,494458045,494477005,494477365,	0.263741,0.203823,0.248133,-0.0419718,-6.11959e-06,-0.0418427,-0.00624463,0.0186665,0.00444617,0.00913271,-0.0184968,0.000956068,0.0111039,0.00463286,-0.0151846,
9	493774235	493774235,493779055,493913915,493983925,494006215,494090135,494243685,494255635,494383505,494428375,494457615,494458045,494477005,494477365,	0.297312,0.193407,0.0560891,-0.00502929,0.0561432,-0.00992751,0.0124761,0.00509884,0.0123232,0.00487218,-0.00657799,0.015059,-4.69908e-05,0.000120424,
9	493779055	493779055,493913915,493983925,494006215,494090135,494243685,494255635,494383505,494428375,494457615,494458045,494477005,494477365,	0.256373,-0.0383668,-0.0160646,-0.0382209,-0.00557258,0.0221444,-0.00177244,0.0108643,-0.0169633,0.00346989,0.00961372,0.000798276,-0.0143201,
9	493913915	493913915,493983925,494006215,494090135,494243685,494255635,494383505,494428375,494457615,494458045,494477005,494477365,	0.113494,-0.000888979,0.113436,-0.00530637,-0.0321517,-0.000569494,-0.0052305,0.00607193,-0.00316065,-0.00981366,-0.000808044,-0.00871484,
9	493983925	493983925,494006215,494090135,494243685,494255635,494383505,494428375,494457615,494458045,494477005,494477365,	0.0572868,-0.000934039,-0.00237611,-0.00480957,-0.00113762,-0.0131003,0.00502898,-0.00595326,0.00039484,-1.6033e-05,-0.00279956,
9	494006215	494006215,494090135,494243685,494255635,494383505,494428375,494457615,494458045,494477005,494477365,	0.113477,-0.00531172,-0.0323581,-0.00057501,-0.00536727,0.00603527,-0.00319475,-0.00991416,-0.00084651,-0.00871633,
9	494090135	494090135,494243685,494255635,494383505,494428375,494457615,494458045,494477005,494477365,	0.0441819,-0.00238202,-3.15696e-05,-0.00498176,-0.00433873,-0.00365688,-0.00507952,-0.00404262,-0.000487446,
9	494243685	494243685,494255635,494383505,494428375,494457615,494458045,494477005,494477365,495184715,	0.355474,-0.00559517,-0.0169544,0.00548174,0.0135889,-0.0386613,0.0069692,0.00719039,0.0130143,
9	494255635	494255635,494383505,494428375,494457615,494458045,494477005,494477365,495184715,	0.00880233,0.00666201,0.000252904,-0.000618256,0.00732854,-0.000859636,0.00132214,-0.00663494,
9	494383505	494383505,494428375,494457615,494458045,494477005,494477365,495184715,	0.266007,0.0888348,0.0627275,0.185946,0.0566882,0.0296218,0.0409612,
9	494428375	494428375,494457615,494458045,494477005,494477365,495184715,	0.126571,-0.0073905,0.105504,-0.0094396,0.0371595,0.0272652,
9	494457615	494457615,494458045,494477005,494477365,495184715,	0.0726755,-0.0100359,0.0705561,-0.00265524,-0.00609047,
9	494458045	494458045,494477005,494477365,495184715,	0.205966,-0.0135967,0.0324697,0.0336623,
9	494477005	494477005,494477365,495184715,	0.0815523,-0.00333971,-0.0119264,
9	494477365	494477365,495184715,	0.043481,-0.00413642,
9	495184715	495184715,495646265,495649795,495734255,495741125,	0.459071,-0.00254283,-0.00215376,0.0374539,0.0452659,
9	495646265	495646265,495649795,495734255,495741125,496219515,496221975,496581965,496583545,496620145,496634635,	0.00234234,-3.39772e-06,-0.00155965,-0.00155782,0.000560047,0.00217011,-0.000209945,-0.000156089,0.000814185,-0.00197367,
9	495649795	495649795,495734255,495741125,496219515,496221975,496581965,496583545,496620145,496634635,	0.0044556,0.00183129,0.00193227,-0.00510252,1.89278e-05,0.00146023,0.00145875,0.00202083,0.00242037,
9	495734255	495734255,495741125,496219515,496221975,496581965,496583545,496620145,496634635,496711945,	0.320966,0.31673,0.0125365,-0.00712815,-0.072045,-0.0719475,-0.0104532,0.0345314,-0.00625016,
9	495741125	495741125,496219515,496221975,496581965,496583545,496620145,496634635,496711945,	0.32107,0.0111168,-0.00701178,-0.0759298,-0.077662,-0.0129739,0.0326188,-0.00547313,
9	496219515	496219515,496221975,496581965,496583545,496620145,496634635,496711945,496746605,496858525,496863955,496918855,496940165,497144845,	0.149532,0.00313985,0.0709735,0.0701298,0.0363265,0.0704602,0.00810646,0.00129951,-0.00159014,-0.00160233,-0.00159014,0.000384867,0.00157695,
9	496221975	496221975,496581965,496583545,496620145,496634635,496711945,496746605,496858525,496863955,496918855,496940165,497144845,	0.0174741,0.00277934,0.00435729,0.00236016,-0.00055965,0.00105327,-0.000178914,-7.48022e-05,3.24751e-05,-7.48022e-05,6.20334e-05,0.00202016,
9	496581965	496581965,496583545,496620145,496634635,496711945,496746605,496858525,496863955,496918855,496940165,497144845,	0.364445,0.307514,0.0979892,0.180222,0.0216972,0.0025893,0.000142162,-0.00174556,0.000142162,0.00195822,0.00562985,
9	496583545	496583545,496620145,496634635,496711945,496746605,496858525,496863955,496918855,496940165,497144845,	0.388572,0.0549549,0.208227,0.0207926,0.00206647,9.36888e-05,-0.00162444,9.36888e-05,0.00200709,0.00449986,
9	496620145	496620145,496634635,496711945,496746605,496858525,496863955,496918855,496940165,497144845,	0.347341,-0.0677472,-0.045345,0.00362863,-0.000719505,-0.000644193,-0.000719505,-0.000688963,-0.0173625,
9	496634635	496634635,496711945,496746605,496858525,496863955,496918855,496940165,497144845,	0.419034,0.0335775,0.000852242,-0.00173372,-0.00211484,-0.00173372,0.00201198,0.0102159,
9	496711945	496711945,496746605,496858525,496863955,496918855,496940165,497144845,	0.0581336,-0.000552555,-0.000127616,-1.86246e-05,-0.000127616,-7.8129e-05,0.018976,
9	496746605	496746605,496858525,496863955,496918855,496940165,497144845,	0.00874303,2.0429e-05,-4.29513e-05,2.0429e-05,8.30113e-07,-0.000121804,
9	496858525	496858525,496863955,496918855,496940165,497144845,	0.00232801,5.69621e-06,0.00232801,-1.08175e-05,-3.99042e-05,
9	496863955	496863955,496918855,496940165,497144845,	0.0023486,5.69621e-06,-1.32974e-05,-3.43519e-05,
9	496918855	496918855,496940165,497144845,	0.00232801,-1.08175e-05,-3.99042e-05,
9	496940165	496940165,497144845,	0.0023241,-1.56184e-05,
9	497144845	497144845,497976515,498129395,	0.0199462,-0.000254341,-0.000975801,
9	497976515	497976515,498129395,498679005,498781025,498781835,498782625,	0.0148999,-0.000325132,-0.000395459,0.00418972,0.00420999,-3.17071e-05,
9	498129395	498129395,498679005,498781025,498781835,498782625,498990635,499124785,	0.034451,-0.0179042,0.0174612,0.0176936,-0.000124049,0.00775019,-0.000234199,
9	498679005	498679005,498781025,498781835,498782625,498990635,499124785,499302825,499307085,499307735,499496395,499498935,499502855,499547945,499629735,499659565,499677055,	0.408247,0.0487271,0.0481224,-0.00140118,0.261482,0.000479406,-0.0070147,0.027177,-0.00426835,0.0154874,-0.000395459,0.0527977,0.0671173,-0.0233026,0.000479406,-0.00351711,
9	498781025	498781025,498781835,498782625,498990635,499124785,499302825,499307085,499307735,499496395,499498935,499502855,499547945,499629735,499659565,499677055,499679685,499779165,	0.340238,0.338736,0.000619496,0.209796,0.00111134,0.00696631,0.0234411,0.0377064,-0.0111949,0.00418972,0.036981,0.0410337,0.0374501,0.00111134,0.00154511,0.0140569,0.00960619,
9	498781835	498781835,498782625,498990635,499124785,499302825,499307085,499307735,499496395,499498935,499502855,499547945,499629735,499659565,499677055,499679685,499779165,	0.342056,0.000621105,0.207675,0.001102,0.00701888,0.0212168,0.037074,-0.0128852,0.00420999,0.0333117,0.0373737,0.0376372,0.001102,-0.000772906,0.0124648,0.00967506,
9	498782625	498782625,498990635,499124785,499302825,499307085,499307735,499496395,499498935,499502855,499547945,499629735,499659565,499677055,499679685,499779165,	0.00235655,-0.000215899,2.03742e-05,-1.83619e-05,0.000879434,-0.000719998,-0.00170009,-3.17071e-05,-0.00104432,-0.000962801,-0.000305787,2.03742e-05,8.87565e-07,-0.00188037,2.16629e-05,
9	498990635	498990635,499124785,499302825,499307085,499307735,499496395,499498935,499502855,499547945,499629735,499659565,499677055,499679685,499779165,	0.391278,0.00307662,0.00397442,0.0117218,-0.004059,-0.0058384,0.00900019,0.0397715,0.0610012,0.0228086,0.00307662,-0.000587363,0.0406189,0.00809939,
9	499124785	499124785,499302825,499307085,499307735,499496395,499498935,499502855,499547945,499629735,499659565,499677055,499679685,499779165,499999965,	0.00463054,-3.84637e-05,-0.00103151,0.0027908,0.00262525,-0.000135148,-0.000487838,-9.76401e-05,-0.000338939,0.00463054,-4.76065e-06,0.00205542,-9.55771e-05,-0.000719185,
9	499302825	499302825,499307085,499307735,499496395,499498935,499502855,499547945,499629735,499659565,499677055,499679685,499779165,499999965,	0.0126864,-0.00470105,-0.00439324,-0.00866774,-8.43351e-05,-0.00309375,-0.00482286,-0.000554822,-3.84637e-05,-5.25018e-05,-0.010922,-8.57232e-05,-0.00147916,
9	499307085	499307085,499307735,499496395,499498935,499502855,499547945,499629735,499659565,499677055,499679685,499779165,499999965,	0.206829,0.0521803,0.0318997,0.00249245,0.0977547,0.0862027,0.00905003,-0.00103151,0.0013886,0.044468,0.00222298,0.00638033,
9	499307735	499307735,499496395,499498935,499502855,499547945,499629735,499659565,499677055,499679685,499779165,499999965,	0.237861,-0.0531585,-0.00291732,-0.031376,-0.0208386,-0.000280643,0.0027908,-0.00137447,-0.0200316,0.000525112,-0.00589723,
9	499496395	499496395,499498935,499502855,499547945,499629735,499659565,499677055,499679685,499779165,499999965,500380045,500402945,500403405,500458655,500459665,	0.348657,-0.00277455,0.110135,0.128964,0.0310354,0.00262525,0.00279935,0.278028,-0.00505041,-0.0505544,-0.0257688,-0.0062687,-0.0121459,-0.00532589,0.00607039,
9	499498935	499498935,499502855,499547945,499629735,499659565,499677055,499679685,499779165,499999965,500380045,500402945,500403405,500458655,500459665,	0.0148999,0.00191,0.0029761,-0.00170667,-0.000135148,-4.38341e-05,-0.00343476,-0.000580959,-0.00281929,0.00796517,-0.000105647,-0.000965973,-0.00119422,-0.000409965,
9	499502855	499502855,499547945,499629735,499659565,499677055,499679685,499779165,499999965,500380045,500402945,500403405,500458655,500459665,	0.24187,0.226204,0.00605516,-0.000487838,0.0017031,0.131564,0.00431141,0.0137895,0.0415835,0.00271531,0.0131652,0.0145497,0.0052253,
9	499547945	499547945,499629735,499659565,499677055,499679685,499779165,499999965,500380045,500402945,500403405,500458655,500459665,	0.258852,0.0088284,-9.76401e-05,0.00199528,0.155598,0.00552489,0.017358,0.0106653,-0.00533624,-0.0274504,0.0131931,0.00620841,
9	499629735	499629735,499659565,499677055,499679685,499779165,499999965,500380045,500402945,500403405,500458655,500459665,	0.0624568,-0.000338939,-0.000517961,0.0294299,-0.000318206,-0.00665376,0.0333359,-0.000858354,-0.00196515,-0.00495048,-0.000663552,
9	499659565	499659565,499677055,499679685,499779165,499999965,500380045,500402945,500403405,500458655,500459665,	0.00463054,-4.76065e-06,0.00205542,-9.55771e-05,-0.000719185,-0.00158729,-7.47264e-05,-0.000317641,-0.000132808,-5.33054e-05,
9	499677055	499677055,499679685,499779165,499999965,500380045,500402945,500403405,500458655,500459665,	0.0046158,0.00239337,-1.82527e-05,0.00548123,0.00450734,-5.00377e-05,-0.000254664,-0.000514391,-8.52977e-05,
9	499679685	499679685,499779165,499999965,500380045,500402945,500403405,500458655,500459665,	0.36123,0.000347032,-0.0808333,-0.0397497,-0.00542891,-0.0182576,-0.00181804,0.00750829,
9	499779165	499779165,499999965,500380045,500402945,500403405,500458655,500459665,	0.012368,-0.00159265,0.005973,-0.000305581,-0.000896783,0.0095421,0.00351768,
9	499999965	499999965,500380045,500402945,500403405,500458655,500459665,500868945,500917505,500917855,500932355,	0.192772,-0.0345649,4.43037e-05,-0.00391277,-0.0133722,-0.000224289,0.00112245,-0.00245726,-0.0270178,0.138507,
9	500380045	500380045,500402945,500403405,500458655,500459665,500868945,500917505,500917855,500932355,501001795,501009525,	0.249147,0.00532859,0.0260928,0.0575971,-0.00221917,-0.00323529,0.00487856,0.154101,-0.0229837,-0.00844017,-0.00204235,
9	500402945	500402945,500403405,500458655,500459665,500868945,500917505,500917855,500932355,501001795,501009525,	0.00880233,-0.000765381,0.00731508,-0.000173837,-7.90263e-05,-0.000149036,0.00693627,0.000262397,-0.000332274,-1.33964e-05,
9	500403405	500403405,500458655,500459665,500868945,500917505,500917855,500932355,501001795,501009525,	0.0421709,-0.00600866,-0.000789433,-0.000759744,-0.000472939,-0.0111477,-0.0044864,-0.00134358,-8.64914e-05,
9	500458655	500458655,500459665,500868945,500917505,500917855,500932355,501001795,501009525,	0.0843186,0.00137355,-0.000795562,-0.000681888,0.0482048,-0.011229,-0.00260647,-0.000289219,
9	500459665	500459665,500868945,500917505,500917855,500932355,501001795,501009525,	0.0153831,-0.000151782,-0.000176603,-0.00502312,-0.000418212,-0.000843932,-8.42248e-05,
9	500868945	500868945,500917505,500917855,500932355,501001795,501009525,501541775,501544465,501560455,501563165,501610785,501658325,501677135,	0.0107462,-7.54339e-05,-0.00228667,0.000890805,-0.000470069,5.27379e-05,-0.000500193,0.00334866,7.76324e-06,-0.000145074,0.00966131,-1.70083e-05,0.00258744,
9	500917505	500917505,500917855,500932355,501001795,501009525,501541775,501544465,501560455,501563165,501610785,501658325,501677135,	0.00863044,0.00513831,-0.0024465,-0.000121559,-0.000145858,-0.000801471,0.00135219,5.2091e-05,3.26175e-05,-0.000875676,-1.07783e-05,-0.00240613,
9	500917855	500917855,500932355,501001795,501009525,501541775,501544465,501560455,501563165,501610785,501658325,501677135,	0.231477,-0.027526,-0.00762325,-0.00167827,-0.0153444,-0.00628955,0.00102049,-0.0019339,-0.00605738,-0.000509522,0.101093,
9	500932355	500932355,501001795,501009525,501541775,501544465,501560455,501563165,501610785,501658325,501677135,	0.189862,-0.00563288,0.00364967,0.00119901,-0.00304095,-0.000472156,0.00197094,-0.0155344,-0.000470338,-0.0139677,
9	501001795	501001795,501009525,501541775,501544465,501560455,501563165,501610785,501658325,501677135,501934245,	0.0348058,-0.000201479,-0.000616203,0.0021936,-0.000108489,-3.48762e-05,-0.00241105,-3.37403e-05,-0.00735136,-0.000292012,
9	501009525	501009525,501541775,501544465,501560455,501563165,501610785,501658325,501677135,501934245,	0.00686531,-0.000524425,-0.00053689,-2.92928e-05,-8.76549e-05,-0.000269668,-3.99197e-05,-0.0032317,-6.06083e-05,
9	501541775	501541775,501544465,501560455,501563165,501610785,501658325,501677135,501934245,502160375,502232535,502484885,502485225,502498925,502506945,502514095,	0.0708304,-0.00291595,-0.000335911,-0.000604108,-0.00065691,-0.000269961,0.0484706,0.00210374,-0.00164513,-0.000604108,-0.0046541,-0.000543261,-0.0046541,-0.000726521,0.00660804,
9	501544465	501544465,501560455,501563165,501610785,501658325,501677135,501934245,502160375,502232535,502484885,502485225,502498925,502506945,502514095,	0.0507493,-2.58022e-05,-0.000546525,0.00260526,-9.9217e-05,0.0348739,-0.00112833,0.000503752,-0.000546525,-0.00260808,-0.000334795,-0.00260808,-0.000864403,0.000458664,
9	501560455	501560455,501563165,501610785,501658325,501677135,501934245,502160375,502232535,502484885,502485225,502498925,502506945,502514095,	0.00236435,-4.46667e-05,1.68254e-05,-5.19225e-06,-0.00119033,-9.6705e-05,-3.09697e-05,-4.46667e-05,-0.000193713,-1.04262e-05,-0.000193713,-9.48784e-06,-6.81323e-05,
9	501563165	501563165,501610785,501658325,501677135,501934245,502160375,502232535,502484885,502485225,502498925,502506945,502514095,	0.00694054,-0.000549598,-1.20422e-05,-0.00263277,-9.78592e-05,-9.99826e-05,0.00694054,0.00640505,4.44863e-05,0.00640505,-1.85752e-05,-0.00022577,
9	501610785	501610785,501658325,501677135,501934245,502160375,502232535,502484885,502485225,502498925,502506945,502514095,	0.079133,-0.000271545,-0.0114493,-0.000783431,-0.00108491,-0.000549598,-0.002449,-0.000540344,-0.002449,-0.000850713,-0.00308272,
9	501658325	501658325,501677135,501934245,502160375,502232535,502484885,502485225,502498925,502506945,502514095,	0.00235453,-0.00101995,-3.87602e-06,-9.72914e-05,-1.20422e-05,-0.000117086,-3.01296e-05,-0.000117086,5.82486e-07,-0.000114662,
9	501677135	501677135,501934245,502160375,502232535,502484885,502485225,502498925,502506945,502514095,	0.300306,-0.00312598,-0.00311445,-0.00263277,-0.00974806,0.00141092,-0.00974806,-7.88367e-05,-0.000663685,
9	501934245	501934245,502160375,502232535,502484885,502485225,502498925,502506945,502514095,	0.012368,-0.000118561,-9.78592e-05,-0.000704327,-0.000166599,-0.000704327,-2.27628e-05,-0.000330405,
9	502160375	502160375,502232535,502484885,502485225,502498925,502506945,502514095,503021445,503127885,	0.0172348,-9.99826e-05,-0.000822457,-7.4028e-05,-0.000822457,-6.58717e-05,0.0168203,-0.000302864,-0.000542872,
9	502232535	502232535,502484885,502485225,502498925,502506945,502514095,503021445,503127885,	0.00694054,0.00640505,4.44863e-05,0.00640505,-1.85752e-05,-0.00022577,-6.27878e-06,1.83786e-06,
9	502484885	502484885,502485225,502498925,502506945,502514095,503021445,503127885,503340345,	0.0440809,2.52269e-05,0.0440809,-0.000344385,0.000243773,-0.00123176,-0.00105327,-0.000366716,
9	502485225	502485225,502498925,502506945,502514095,503021445,503127885,503340345,	0.00445082,2.52269e-05,-0.000226076,-8.15468e-05,-6.50385e-05,-9.95377e-05,-5.85559e-05,
9	502498925	502498925,502506945,502514095,503021445,503127885,503340345,	0.0440809,-0.000344385,0.000243773,-0.00123176,-0.00105327,-0.000366716,
9	502506945	502506945,502514095,503021445,503127885,503340345,	0.00680705,-0.000227365,-5.56642e-05,-8.79313e-05,-3.18744e-05,
9	502514095	502514095,503021445,503127885,503340345,	0.0335946,-0.000747351,-0.00133804,-0.00040097,
9	503021445	503021445,503127885,503340345,503609765,503747915,503762245,503790405,503836235,	0.0202886,-0.000536053,-8.24801e-05,-0.00316038,-7.54281e-05,-0.00077831,0.00757665,0.0080983,
9	503127885	503127885,503340345,503609765,503747915,503762245,503790405,503836235,504126375,	0.0233384,-0.000328105,-0.00413541,-2.02904e-05,0.00116707,0.010133,0.0104655,-0.000264975,
9	503340345	503340345,503609765,503747915,503762245,503790405,503836235,504126375,	0.00864223,0.00685654,-3.69759e-05,-0.000249153,-0.000910078,-0.000864749,-4.11004e-05,
9	503609765	503609765,503747915,503762245,503790405,503836235,504126375,504358495,	0.112509,-0.000397079,-0.00234938,0.00419839,0.00649911,-0.000802251,-0.0305073,
9	503747915	503747915,503762245,503790405,503836235,504126375,504358495,	0.00235065,-1.12013e-05,0.00189197,0.00194723,-3.32381e-05,-7.91477e-05,
9	503762245	503762245,503790405,503836235,504126375,504358495,	0.0246896,0.0111506,0.0113538,-7.06536e-06,-0.0140867,
9	503790405	503790405,503836235,504126375,504358495,	0.394672,0.382204,0.00369011,-0.0687787,
9	503836235	503836235,504126375,504358495,504799865,	0.389965,0.00373476,-0.0736322,0.0477999,
9	504126375	504126375,504358495,504799865,	0.0070057,0.00160361,8.32886e-05,
9	504358495	504358495,504799865,	0.409602,-0.0200831,
9	504799865	504799865,505424655,505484545,505494495,505496205,	0.373549,-0.00241268,0.0284333,-0.0181859,-0.0126326,
9	505424655	505424655,505484545,505494495,505496205,	0.0111225,2.99383e-05,-0.00110992,-0.000361879,
9	505484545	505484545,505494495,505496205,	0.0341606,-0.00172087,-0.00135412,
9	505494495	505494495,505496205,	0.0838238,-0.000286542,
9	505496205	505496205,	0.042286,
9	507209365	507209365,507453955,507747175,508129135,	0.00234855,0.00297231,-0.000231932,-1.16264e-05,
9	507453955	507453955,507747175,508129135,	0.341912,-0.0111155,-0.0014773,
9	507747175	507747175,508129135,508623065,508688025,	0.0280924,-1.26154e-05,-0.000484123,-0.0002523,
9	508129135	508129135,508623065,508688025,508810415,508819555,509021835,	0.00235672,-0.000162914,-1.56895e-05,4.80421e-06,1.15835e-06,2.95895e-05,
9	508623065	508623065,508688025,508810415,508819555,509021835,509182165,509212595,509267295,509390645,509407655,509409255,509454995,509491505,509516275,509541405,509573845,509573995,509575755,509575875,	0.0840869,-0.000677445,-0.000572003,-0.000144982,-0.000790578,0.0839392,-0.015337,-0.0463054,-0.000753075,-0.00594318,-0.00479203,-0.00479203,-0.00272445,-0.0101264,0.000776746,-0.00603631,-0.00479203,-0.000347868,0.0520734,
9	508688025	508688025,508810415,508819555,509021835,509182165,509212595,509267295,509390645,509407655,509409255,509454995,509491505,509516275,509541405,509573845,509573995,509575755,509575875,509676275,509677225,	0.00686907,-2.53803e-05,-4.0783e-06,-4.60316e-05,-0.000721137,0.0042179,-0.00578035,-7.13106e-05,0.000743775,-0.000418205,-0.000418205,0.00171242,-0.00128283,-9.91804e-05,0.000210786,-0.000418205,-0.00012757,-0.00055707,0.00054149,-0.000462167,
9	508810415	508810415,508819555,509021835,509182165,509212595,509267295,509390645,509407655,509409255,509454995,509491505,509516275,509541405,509573845,509573995,509575755,509575875,509676275,509677225,509709965,	0.00466292,-3.46974e-05,-5.93291e-05,-0.00068691,-0.00113464,0.00270914,-4.45001e-05,-0.000701889,-0.0003387,-0.0003387,-0.000170315,-0.000534496,-8.00534e-05,-0.00276583,-0.0003387,-1.96887e-05,-0.000419858,-0.00249746,-0.000166321,-2.5295e-05,
9	508819555	508819555,509021835,509182165,509212595,509267295,509390645,509407655,509409255,509454995,509491505,509516275,509541405,509573845,509573995,509575755,509575875,509676275,509677225,509709965,	0.00928049,8.5276e-05,-0.000318109,-0.000813502,0.00148662,-1.24027e-05,-0.000266425,-0.000426328,-0.000426328,-0.000102838,-2.71905e-05,-5.39445e-05,0.00447431,-0.000426328,-5.1497e-06,-8.26742e-05,0.00444884,4.44035e-05,-3.94905e-06,
9	509021835	509021835,509182165,509212595,509267295,509390645,509407655,509409255,509454995,509491505,509516275,509541405,509573845,509573995,509575755,509575875,509676275,509677225,509709965,509851575,	0.00863044,-0.000994425,0.000198199,0.00354435,-4.03936e-05,-0.00186706,-0.000592292,-0.000592292,-0.000547247,0.00082563,-0.000187954,-0.000649436,-0.000592292,-0.00012598,-0.000616971,-0.00020518,-0.00050382,-4.58962e-05,-9.78642e-06,
9	509182165	509182165,509212595,509267295,509390645,509407655,509409255,509454995,509491505,509516275,509541405,509573845,509573995,509575755,509575875,509676275,509677225,509709965,509851575,510161875,	0.102423,-0.0176504,-0.0643552,-0.0010623,-0.00900098,-0.00586083,-0.00586083,-0.00384203,-0.0106756,0.000649201,-0.0111446,-0.00586083,-0.000422541,0.0532902,-0.00897999,-0.00601406,-0.00072002,-0.000279843,-0.000994425,
9	509212595	509212595,509267295,509390645,509407655,509409255,509454995,509491505,509516275,509541405,509573845,509573995,509575755,509575875,509676275,509677225,509709965,509851575,510161875,	0.201101,-0.060478,-0.0024241,0.0236747,-0.00690105,-0.00690105,-0.0055155,0.0895586,0.00627839,-0.0388372,-0.00690105,0.00761632,-0.00831163,-0.0406624,0.0233239,0.00422161,-0.000538355,0.000198199,
9	509267295	509267295,509390645,509407655,509409255,509454995,509491505,509516275,509541405,509573845,509573995,509575755,509575875,509676275,509677225,509709965,509851575,510161875,	0.358704,-0.00529372,0.00267134,-0.0184448,-0.0184448,-0.0311626,-0.0728593,-0.00484638,0.00516801,-0.0184448,0.000571432,-0.028629,0.0105496,-0.0207434,-0.00578825,0.00124503,0.00354435,
9	509390645	509390645,509407655,509409255,509454995,509491505,509516275,509541405,509573845,509573995,509575755,509575875,509676275,509677225,509709965,509851575,510161875,	0.00902135,-0.00122153,-0.000448969,-0.000448969,-0.000701601,-0.00131524,-7.58359e-05,-0.000517001,-0.000448969,1.07442e-05,-0.000504404,-0.000447859,-0.00030029,-7.11589e-05,-3.54791e-05,-4.03936e-05,
9	509407655	509407655,509409255,509454995,509491505,509516275,509541405,509573845,509573995,509575755,509575875,509676275,509677225,509709965,509851575,510161875,	0.132021,-0.00485567,-0.00485567,0.0360576,-0.00771484,-0.00160777,-0.0405444,-0.00485567,-0.00173449,-0.00689934,-0.0356881,0.00113758,0.00074473,-0.000360379,-0.00186706,
9	509409255	509409255,509454995,509491505,509516275,509541405,509573845,509573995,509575755,509575875,509676275,509677225,509709965,509851575,510161875,	0.0494252,0.0494252,-0.00300188,-0.00575515,0.00171259,-0.0163022,0.0494252,-0.00045591,-0.00362807,-0.0130378,-0.00230464,-0.000417371,-0.000172775,-0.000592292,
9	509454995	509454995,509491505,509516275,509541405,509573845,509573995,509575755,509575875,509676275,509677225,509709965,509851575,510161875,	0.0494252,-0.00300188,-0.00575515,0.00171259,-0.0163022,0.0494252,-0.00045591,-0.00362807,-0.0130378,-0.00230464,-0.000417371,-0.000172775,-0.000592292,
9	509491505	509491505,509516275,509541405,509573845,509573995,509575755,509575875,509676275,509677225,509709965,509851575,510161875,	0.0437918,-0.00159968,-0.000434326,-0.0123769,-0.00300188,-0.000316172,-0.00311767,-0.010753,0.000520986,0.00171247,-8.91202e-05,-0.000547247,
9	509516275	509516275,509541405,509573845,509573995,509575755,509575875,509676275,509677225,509709965,509851575,510161875,	0.115629,-0.00167787,-0.0355505,-0.00575515,0.00239531,-0.00684211,-0.032044,0.0381206,-0.00128155,-0.000169905,0.00082563,
9	509541405	509541405,509573845,509573995,509575755,509575875,509676275,509677225,509709965,509851575,510161875,	0.00908657,-0.00240646,0.00171259,-3.25492e-05,0.00115689,-0.00218107,-0.000432217,-9.9085e-05,-1.47329e-05,-0.000187954,
9	509573845	509573845,509573995,509575755,509575875,509676275,509677225,509709965,509851575,510161875,	0.335884,-0.0163022,0.00297453,-0.0132502,0.305259,-0.0125867,0.000195157,-0.00147275,-0.000649436,
9	509573995	509573995,509575755,509575875,509676275,509677225,509709965,509851575,510161875,	0.0494252,-0.00045591,-0.00362807,-0.0130378,-0.00230464,-0.000417371,-0.000172775,-0.000592292,
9	509575755	509575755,509575875,509676275,509677225,509709965,509851575,510161875,	0.00685772,-0.000293747,-0.00366733,-0.000670437,-0.000127469,-4.18112e-05,-0.00012598,
9	509575875	509575875,509676275,509677225,509709965,509851575,510161875,	0.0540046,-0.0130369,-0.00359153,-0.000556272,-0.000169418,-0.000616971,
9	509676275	509676275,509677225,509709965,509851575,510161875,	0.320608,-0.0120445,0.000525894,-0.00137011,-0.00020518,
9	509677225	509677225,509709965,509851575,510161875,	0.0431398,-0.000461509,-4.60603e-05,-0.00050382,
9	509709965	509709965,509851575,510161875,	0.00686898,-1.23809e-05,-4.58962e-05,
9	509851575	509851575,510161875,	0.00234792,-9.78642e-06,
9	510161875	510161875,	0.00863044,
9	511594895	511594895,511595585,511697845,511706935,511725135,511895245,	0.0447438,0.00762066,-0.00012569,0.00513975,0.00581288,-0.000181771,
9	511595585	511595585,511697845,511706935,511725135,511895245,	0.234051,0.000709257,-0.0313185,0.013452,0.00155548,
9	511697845	511697845,511706935,511725135,511895245,	0.00234627,0.000534461,-0.000238239,1.93832e-06,
9	511706935	511706935,511725135,511895245,	0.189368,0.0042409,-0.00329344,
9	511725135	511725135,511895245,	0.0738763,-0.000259806,
9	511895245	511895245,	0.00467295,
